return {house_pos=Vector3.new(-3000,4000,-9000),furniture={["f-222"]={hash=2,colors={Color3.new(0.88627451658249,0.88627451658249,0.88627451658249)},scale=1.88,id="column_v1_plain",cframe=CFrame.new(719.3974609375,55.20703125,-782.65295410156,0.993971824646,0,0.10963600128889,0,1,0,-0.10963600128889,0,0.993971824646),no_value=true,was_free=false},["f-625"]={hash=2,colors={Color3.new(0.90980392694473,0.87450981140137,0.84705883264542)},scale=1.69,id="column_v1_plain",cframe=CFrame.new(652.38677978516,55.599609375,-730.89721679688,0.99388617277145,0,0.11040938645601,0,1,0,-0.11040938645601,0,0.99388617277145),no_value=true,was_free=false},["f-760"]={hash=2,colors={Color3.new(0.28627452254295,0.52941179275513,0.21176470816135),Color3.new(0.33725491166115,0.258823543787,0.21176470816135),Color3.new(0.42352941632271,0.34509804844856,0.29411765933037),Color3.new(0.48627451062202,0.36078432202339,0.27450981736183)},scale=7.31,id="tinystylishtree",cframe=CFrame.new(545.70703125,11.150145530701,-619.58172607422,-0.061054110527039,0,0.99813443422318,0,1,0,-0.99813443422318,0,-0.061054110527039),no_value=true,was_free=false},["f-807"]={hash=2,colors={Color3.new(0.10588235408068,0.16470588743687,0.20784313976765)},scale=1,id="roof_high_v2_brick",cframe=CFrame.new(678.40051269531,102.79052734375,-782.72631835938,0.99451804161072,0,0.10456500202417,0,1,0,-0.10456500202417,0,0.99451804161072),no_value=true,was_free=false},["f-898"]={hash=2,colors={Color3.new(0.90980392694473,0.90980392694473,0.90980392694473)},scale=2.26,id="archway_rounded_stone",cframe=CFrame.new(687.61535644531,78.662841796875,-810.35137939453,-0.11123085021973,0,0.99379456043243,0,1,0,-0.99379456043243,0,-0.11123085021973),no_value=true,was_free=false},["f-140"]={hash=2,colors={Color3.new(0.90980392694473,0.90980392694473,0.90980392694473)},scale=1,id="door_cutout_rounded_stone",cframe=CFrame.new(649.65075683594,61.4921875,-790.77978515625,-0.11042499542236,0,0.99388444423676,0,1,0,-0.99388444423676,0,-0.11042499542236),no_value=true,was_free=false},["f-1027"]={hash=2,colors={Color3.new(0.63921570777893,0.63529413938522,0.64705884456635)},scale=1,id="wall_double_glass",cframe=CFrame.new(689.71862792969,80.274658203125,-793.01965332031,0.11330127716064,-0,-0.99356067180634,0,1,-0,0.99356067180634,0,0.11330127716064),no_value=true,was_free=false},["f-444"]={hash=2,colors={Color3.new(0.90980392694473,0.90980392694473,0.90980392694473)},scale=1.4,id="archway_large_stone",cframe=CFrame.new(657.34936523438,72.9921875,-742.64532470703,-0.11042499542236,0,0.99388444423676,0,1,0,-0.99388444423676,0,-0.11042499542236),no_value=true,was_free=false},["f-1376"]={hash=2,colors={Color3.new(0.35686275362968,0.3647058904171,0.41176471114159)},scale=1.64,id="wall_tall_stone",cframe=CFrame.new(516.85687255859,-6.7248539924622,-688.55108642578,0.9996303319931,0,0.027188926935196,0,1,0,-0.027188926935196,0,0.9996303319931),no_value=true,was_free=false},["f-328"]={hash=2,colors={Color3.new(0.23137255012989,0.10980392247438,0.031372550874949),Color3.new(0.33725491166115,0.3647058904171,0.4705882370472)},scale=1.41,id="plants_2024_kentai_palm",cframe=CFrame.new(602.99615478516,33.424072265625,-717.61987304688,-0.11238157749176,0.00052443239837885,0.99366503953934,-0.00039567757630721,0.99999976158142,-0.00057252607075498,-0.99366515874863,-0.00045751230209135,-0.11238133907318),no_value=true,was_free=false},["f-758"]={hash=2,colors={Color3.new(0.75686275959015,0.90980392694473,1),Color3.new(0.83137255907059,0.73333334922791,0.54901963472366),Color3.new(0.83137255907059,0.73333334922791,0.54901963472366)},scale=1,id="winter_2024_chair",cframe=CFrame.new(555.2001953125,29.087158203125,-746.79998779297,-0.78139007091522,0,0.62404352426529,0,1,0,-0.62404352426529,0,-0.78139007091522),no_value=true,was_free=false},["f-1000"]={hash=2,colors={Color3.new(0.87450981140137,0.87450981140137,0.87058824300766)},scale=1.6,id="queenslander_door_frame",cframe=CFrame.new(637.70013427734,45.203369140625,-658.88952636719,0.99128979444504,0,0.13169863820076,0,1,0,-0.13169863820076,0,0.99128979444504),no_value=true,was_free=false},["f-698"]={hash=2,colors={Color3.new(0.2549019753933,0.40392157435417,0.2549019753933),Color3.new(0.33725491166115,0.258823543787,0.21176470816135),Color3.new(0.42352941632271,0.34509804844856,0.29411765933037),Color3.new(0.48627451062202,0.36078432202339,0.27450981736183)},scale=6.86,id="tinystylishtree",cframe=CFrame.new(549.45068359375,12.814907073975,-773.98229980469,-0.51792347431183,0,0.85542690753937,0,1,0,-0.85542690753937,0,-0.51792347431183),no_value=true,was_free=false},["f-1231"]={hash=2,colors={Color3.new(0.81960785388947,0.82352942228317,0.92941176891327)},scale=0.9,id="biodome_2022_long_grass",cframe=CFrame.new(662.32037353516,75.600440979004,-747.08367919922,0.99417871236801,0.0089319758117199,-0.10737287998199,0.036030601710081,-0.96674501895905,0.25319162011147,-0.10154068470001,-0.25558641552925,-0.96143913269043),no_value=true,was_free=false},["f-668"]={hash=2,colors={Color3.new(0.28627452254295,0.43921568989754,0.2392156869173),Color3.new(0.33725491166115,0.258823543787,0.21176470816135),Color3.new(0.42352941632271,0.34509804844856,0.29411765933037),Color3.new(0.48627451062202,0.36078432202339,0.27450981736183)},scale=7.31,id="tinystylishtree",cframe=CFrame.new(532.81341552734,6.1501460075378,-633.82067871094,-0.061054110527039,0,0.99813443422318,0,1,0,-0.99813443422318,0,-0.061054110527039),no_value=true,was_free=false},["f-433"]={hash=2,colors={Color3.new(0.8901960849762,0.66274511814117,0.47843137383461)},scale=0.85,id="sandmound_v1",cframe=CFrame.new(381.36065673828,6.65478515625,-717.53387451172,0.70713424682617,0,0.70707929134369,0,1,0,-0.70707929134369,0,0.70713424682617),no_value=true,was_free=false},["f-315"]={hash=2,colors={Color3.new(0.37254902720451,0.52941179275513,0.32156863808632),Color3.new(0.33725491166115,0.258823543787,0.21176470816135),Color3.new(0.42352941632271,0.34509804844856,0.29411765933037),Color3.new(0.48627451062202,0.36078432202339,0.27450981736183)},scale=10.39,id="tinystylishtree",cframe=CFrame.new(505.01187133789,-8.09375,-688.78570556641,0.96479362249374,-0,-0.26300802826881,0,1,-0,0.26300802826881,0,0.96479362249374),no_value=true,was_free=false},["f-103"]={hash=2,colors={Color3.new(0.31764706969261,0.46666666865349,0.27058824896812),Color3.new(0.33725491166115,0.258823543787,0.21176470816135),Color3.new(0.42352941632271,0.34509804844856,0.29411765933037),Color3.new(0.48627451062202,0.36078432202339,0.27450981736183)},scale=60.93,id="tinystylishtree",cframe=CFrame.new(626.08673095703,-81.324951171875,-875.84338378906,-0.11754953861237,0,0.99306702613831,0,1,0,-0.99306702613831,0,-0.11754953861237),no_value=true,was_free=false},["f-1399"]={hash=2,colors={Color3.new(0.90980392694473,0.90980392694473,0.90980392694473)},scale=6.19,id="column_v3_brick",cframe=CFrame.new(618.73455810547,25.193359375,-645.35681152344,-0.99388659000397,0,-0.11040938645601,0,1,0,0.11040938645601,0,-0.99388659000397),no_value=true,was_free=false},["f-488"]={hash=2,colors={Color3.new(0.90980392694473,0.90980392694473,0.90980392694473)},scale=1,id="trim_v1_bottom_stone",cframe=CFrame.new(651.89593505859,67.066886901855,-657.01708984375,5.4240226745605e-06,-0.91592568159103,-0.40134781599045,0.99999994039536,5.4240226745605e-06,1.1175870895386e-06,1.1175870895386e-06,-0.40134781599045,0.91592574119568),no_value=true,was_free=false},["f-1077"]={hash=2,colors={Color3.new(0.90980392694473,0.90980392694473,0.90980392694473)},scale=1.6,id="column_v3_brick",cframe=CFrame.new(639,45.203369140625,-716,-0.11422061920166,0,0.99345535039902,0,1,0,-0.99345535039902,0,-0.11422061920166),no_value=true,was_free=false},["f-1547"]={hash=2,colors={Color3.new(0.10588235408068,0.16470588743687,0.20784313976765)},scale=1,id="roof_high_v2_brick",cframe=CFrame.new(654.32141113281,102.79052734375,-635.52172851562,0.99451804161072,0,0.10456500202417,0,1,0,-0.10456500202417,0,0.99451804161072),no_value=true,was_free=false},["f-888"]={hash=2,colors={Color3.new(0.74117648601532,0.87058824300766,0.95294117927551)},scale=0.22,id="sphere_v1_glass",cframe=CFrame.new(500.2001953125,16.32021522522,-722.60009765625,0.70937603712082,0,0.70483028888702,0,1,0,-0.70483028888702,0,0.70937603712082),no_value=true,was_free=false},["f-1044"]={hash=2,colors={Color3.new(0.90980392694473,0.90980392694473,0.90980392694473)},scale=1.2,id="trim_v3_bottom_stone",cframe=CFrame.new(646.17938232422,101.49997711182,-760.88702392578,2.2172927856445e-05,-0.99385648965836,0.11067622900009,0.99999994039536,2.2172927856445e-05,-1.225620508194e-06,-1.225620508194e-06,0.11067622900009,0.99385648965836),no_value=true,was_free=false},["f-159"]={hash=2,colors={Color3.new(0.78823530673981,0.78823530673981,0.78823530673981)},scale=1.69,id="glassbarrier",cframe=CFrame.new(648.42309570312,55.144775390625,-803.59393310547,0.99377113580704,0,0.11144042760134,0,1,0,-0.11144042760134,0,0.99377113580704),no_value=true,was_free=false},["f-337"]={hash=2,colors={Color3.new(0.90980392694473,0.90980392694473,0.90980392694473)},scale=1.5,id="column_v1_stone",cframe=CFrame.new(645.0791015625,59.943893432617,-756.34423828125,0.99385750293732,0,0.11066713184118,0,1,0,-0.11066713184118,0,0.99385750293732),no_value=true,was_free=false},["f-1297"]={hash=2,colors={Color3.new(0.34509804844856,0.4745098054409,0.77647060155869),Color3.new(0.35686275362968,0.3647058904171,0.41176471114159),Color3.new(0.97254902124405,0.97254902124405,0.97254902124405)},scale=0.23,id="bathtub",cframe=CFrame.new(510.40399169922,18.405517578125,-722.18640136719,0.49676036834717,-0,-0.86788773536682,0,1,-0,0.86788773536682,0,0.49676036834717),no_value=true,was_free=false},["f-1360"]={hash=2,colors={Color3.new(0.74901962280273,0.71764707565308,0.69411766529083)},scale=1.55,id="floor_long1_wood",cframe=CFrame.new(659.47277832031,78.431541442871,-713.86828613281,0.99428975582123,-8.1586229498498e-05,0.10671401768923,9.0811183326878e-05,1,-8.1586229498498e-05,-0.10671400278807,9.0811183326878e-05,0.99428975582123),no_value=true,was_free=false},["f-189"]={hash=2,colors={Color3.new(0.90980392694473,0.90980392694473,0.90980392694473)},scale=3.88,id="trim_v1_bottom_stone",cframe=CFrame.new(593.61016845703,90.556983947754,-629.1064453125,0.00023525953292847,-0.99388343095779,0.1104331985116,0.99999994039536,0.00023525953292847,-1.303106546402e-05,-1.303106546402e-05,0.1104331985116,0.99388355016708),no_value=true,was_free=false},["f-787"]={hash=2,colors={Color3.new(0.10588235408068,0.16470588743687,0.20784313976765)},scale=1,id="roof_high_v2_brick",cframe=CFrame.new(646.64556884766,101.7978515625,-608.59387207031,0.10454308986664,-0,-0.99452042579651,0,1,-0,0.99452042579651,0,0.10454308986664),no_value=true,was_free=false},["f-1381"]={hash=2,colors={Color3.new(0.83137255907059,0.73333334922791,0.54901963472366),Color3.new(0.41176471114159,0.25098040699959,0.15686275064945),Color3.new(0.43137255311012,0.60000002384186,0.79215687513351),Color3.new(0.79215687513351,0.79607844352722,0.81960785388947)},scale=1.91,id="expandable_houses_2023_hillside_food_and_water",cframe=CFrame.new(535,28.638916015625,-761,0.1497049331665,0,0.98873090744019,0,1,0,-0.98873090744019,0,0.1497049331665),no_value=true,was_free=false},["f-1172"]={hash=2,colors={Color3.new(0.63921570777893,0.63529413938522,0.64705884456635),Color3.new(0.87450981140137,0.87450981140137,0.87058824300766)},scale=2.05,id="queenslander_wall_straight",cframe=CFrame.new(706.42803955078,55.0478515625,-780.66522216797,-0.11203634738922,0,0.99370408058167,0,1,0,-0.99370408058167,0,-0.11203634738922),no_value=true,was_free=false},["f-642"]={hash=2,colors={Color3.new(0.63137257099152,0.56078433990479,0.48627451062202),Color3.new(0.63137257099152,0.73725491762161,0.87843137979507),Color3.new(0.678431391716,0.79215687513351,0.94117647409439),Color3.new(0.82352942228317,0.71764707565308,0.60000002384186),Color3.new(0.80392158031464,0.80392158031464,0.80392158031464)},scale=1.2,id="queenslander_pet_bed",cframe=CFrame.new(569.2001953125,41.893310546875,-837.2001953125,0.51452708244324,0,0.85747426748276,0,1,0,-0.85747426748276,0,0.51452708244324),no_value=true,was_free=false},["f-560"]={hash=2,colors={Color3.new(0.10588235408068,0.16470588743687,0.20784313976765)},scale=1,id="roof_high_v3_brick",cframe=CFrame.new(687.99249267578,102.79052734375,-783.89862060547,-0.11422061920166,0,0.99345535039902,0,1,0,-0.99345535039902,0,-0.11422061920166),no_value=true,was_free=false},["f-1292"]={hash=2,colors={Color3.new(0.26274511218071,0.48235294222832,0.26274511218071),Color3.new(0.33725491166115,0.258823543787,0.21176470816135),Color3.new(0.42352941632271,0.34509804844856,0.29411765933037),Color3.new(0.48627451062202,0.36078432202339,0.27450981736183)},scale=6.86,id="tinystylishtree",cframe=CFrame.new(591.6171875,34.188949584961,-720.31909179688,0.28187364339828,-0.95945167541504,7.7486038208008e-07,7.7486038208008e-07,8.3446502685547e-07,1.0000002384186,-0.95945167541504,-0.28187385201454,8.3446502685547e-07),no_value=true,was_free=false},["f-1177"]={hash=2,colors={Color3.new(0.2549019753933,0.40392157435417,0.2549019753933),Color3.new(0.33725491166115,0.258823543787,0.21176470816135),Color3.new(0.42352941632271,0.34509804844856,0.29411765933037),Color3.new(0.48627451062202,0.36078432202339,0.27450981736183)},scale=14.47,id="tinystylishtree",cframe=CFrame.new(539.43951416016,-9.3845205307007,-819.99890136719,0.69653576612473,0,0.71752208471298,0,1,0,-0.71752208471298,0,0.69653576612473),no_value=true,was_free=false},["f-740"]={hash=2,colors={Color3.new(0.90980392694473,0.90980392694473,0.90980392694473)},scale=1.6,id="queenslander_door_frame",cframe=CFrame.new(534.10394287109,19.703857421875,-643.96929931641,0.96414935588837,0,0.2653600871563,0,1,0,-0.2653600871563,0,0.96414935588837),no_value=true,was_free=false},["f-1127"]={hash=2,colors={Color3.new(0.90980392694473,0.90980392694473,0.90980392694473)},scale=2.3,id="column_v3_brick",cframe=CFrame.new(658.09130859375,77.542724609375,-728.73352050781,0.11042505502701,-0,-0.99388444423676,0,1,-0,0.99388444423676,0,0.11042505502701),no_value=true,was_free=false},["f-165"]={hash=2,colors={Color3.new(0.90980392694473,0.90980392694473,0.90980392694473),Color3.new(0.87450981140137,0.87450981140137,0.87058824300766)},scale=1,id="queenslander_wall_straight",cframe=CFrame.new(645.13696289062,55.50341796875,-700.96746826172,-0.99346888065338,0,-0.11410357803106,0,1,0,0.11410357803106,0,-0.99346888065338),no_value=true,was_free=false},["f-978"]={hash=2,no_value=true,colors={Color3.new(0.68235296010971,0.85490196943283,0.96078431606293),Color3.new(0.79215687513351,0.79607844352722,0.81960785388947)},on=true,scale=1.79,cframe=CFrame.new(497.20068359375,13.14306640625,-717.287109375,0.003293514251709,0,0.99999457597733,0,1,0,-0.99999457597733,0,0.003293514251709),was_free=false,id="influencer_2022_neon_light_strip"},["f-1213"]={hash=2,colors={Color3.new(0.23137255012989,0.10980392247438,0.031372550874949),Color3.new(0.33725491166115,0.3647058904171,0.4705882370472)},scale=1.9,id="plants_2024_kentai_palm",cframe=CFrame.new(514,8.80859375,-765,0.60442852973938,0,0.79665940999985,0,1,0,-0.79665940999985,0,0.60442852973938),no_value=true,was_free=false},["f-578"]={hash=2,colors={Color3.new(0.90980392694473,0.87450981140137,0.84705883264542)},scale=1.69,id="column_v1_plain",cframe=CFrame.new(662.96636962891,55.599609375,-756.13732910156,0.99388617277145,0,0.11040938645601,0,1,0,-0.11040938645601,0,0.99388617277145),no_value=true,was_free=false},["f-505"]={hash=2,colors={Color3.new(0.63137257099152,0.52941179275513,0.4705882370472)},scale=1,id="beam_v1_wood",cframe=CFrame.new(362.55560302734,5.9951171875,-782.59027099609,0.9969687461853,-6.7212440626463e-06,0.077803425490856,-6.7212440626463e-06,1,0.00017251314420719,-0.077803425490856,-0.00017251314420719,0.99696868658066),no_value=true,was_free=false},["f-395"]={hash=2,colors={Color3.new(0.90980392694473,0.90980392694473,0.90980392694473),Color3.new(0.87450981140137,0.87450981140137,0.87058824300766)},scale=1,id="queenslander_wall_straight",cframe=CFrame.new(642.66064453125,55.50341796875,-722.52618408203,-0.99346888065338,0,-0.11410357803106,0,1,0,0.11410357803106,0,-0.99346888065338),no_value=true,was_free=false},["f-204"]={hash=2,colors={Color3.new(0.90980392694473,0.90980392694473,0.90980392694473)},scale=1,id="door_cutout_rounded_stone",cframe=CFrame.new(662.13006591797,61.4921875,-814.30413818359,0.99388617277145,0,0.11040938645601,0,1,0,-0.11040938645601,0,0.99388617277145),no_value=true,was_free=false},["f-10"]={hash=2,colors={Color3.new(0.90980392694473,0.90980392694473,0.90980392694473)},scale=1.2,id="column_v1_stone",cframe=CFrame.new(669.41815185547,90.79248046875,-659.29089355469,0.59259402751923,-0,-0.80550128221512,0,1,-0,0.80550128221512,0,0.59259402751923),no_value=true,was_free=false},["f-610"]={hash=2,colors={Color3.new(0.59607845544815,0.76078432798386,0.85882353782654)},scale=0.5,id="torus_v1_glass",cframe=CFrame.new(438.771484375,7.465087890625,-632.28979492188,1,0,0,0,1,0,0,0,1),no_value=true,was_free=false},["f-1272"]={hash=2,colors={Color3.new(0.90980392694473,0.90980392694473,0.90980392694473)},scale=3.65,id="column_v1_stone",cframe=CFrame.new(618.66918945312,65.232177734375,-645.25952148438,0.99388617277145,0,0.11040938645601,0,1,0,-0.11040938645601,0,0.99388617277145),no_value=true,was_free=false},["f-589"]={hash=2,colors={Color3.new(0.63921570777893,0.63529413938522,0.64705884456635)},scale=1.75,id="door_cutout_rounded_plain",cframe=CFrame.new(558.22467041016,40.018310546875,-841.90362548828,0.87625992298126,0,0.48183879256248,0,1,0,-0.48183879256248,0,0.87625992298126),no_value=true,was_free=false},["f-669"]={hash=2,colors={Color3.new(0.63921570777893,0.63529413938522,0.64705884456635)},scale=2.49,id="queenslander_door_frame",cframe=CFrame.new(559.2001953125,24.854150772095,-840,0.48201829195023,-0,-0.87616109848022,0,1,-0,0.87616109848022,0,0.48201829195023),no_value=true,was_free=false},["f-1129"]={hash=2,colors={Color3.new(0.10588235408068,0.16470588743687,0.20784313976765)},scale=1,id="roof_high_v2_brick",cframe=CFrame.new(603.04541015625,101.7978515625,-612.05480957031,-0.10454332828522,0,0.99452042579651,0,1,0,-0.99452042579651,0,-0.10454332828522),no_value=true,was_free=false},["f-182"]={hash=2,colors={Color3.new(0.10588235408068,0.16470588743687,0.20784313976765)},scale=1,id="roof_high_v1_brick",cframe=CFrame.new(643.75756835938,101.7978515625,-636.55517578125,0.99437248706818,0,0.10594039410353,0,1,0,-0.10594039410353,0,0.99437248706818),no_value=true,was_free=false},["f-1318"]={hash=2,colors={Color3.new(0.2549019753933,0.40392157435417,0.2549019753933),Color3.new(0.33725491166115,0.258823543787,0.21176470816135),Color3.new(0.42352941632271,0.34509804844856,0.29411765933037),Color3.new(0.48627451062202,0.36078432202339,0.27450981736183)},scale=14.23,id="tinystylishtree",cframe=CFrame.new(545.85302734375,-18.214584350586,-690.12738037109,0.98083519935608,0.00078865920659155,-0.19483767449856,-0.00058585952501744,0.99999922513962,0.0010984889231622,0.1948383897543,-0.00096328905783594,0.98083490133286),no_value=true,was_free=false},["f-617"]={hash=2,colors={Color3.new(0.10588235408068,0.16470588743687,0.20784313976765)},scale=1,id="roof_high_v2_brick",cframe=CFrame.new(620.94519042969,101.7978515625,-634.04565429688,0.99451804161072,0,0.10456500202417,0,1,0,-0.10456500202417,0,0.99451804161072),no_value=true,was_free=false},["f-243"]={hash=2,colors={Color3.new(0.79215687513351,0.32549020648003,0.56078433990479)},scale=0.2,id="biodome_2022_four_leaf",cframe=CFrame.new(513.81469726562,23.209632873535,-679.4482421875,-0.25207781791687,-0.90801906585693,0.33460155129433,0.3146450817585,0.25007337331772,0.91567558050156,-0.91512584686279,0.3361023068428,0.22266578674316),no_value=true,was_free=false},["f-1124"]={hash=2,colors={Color3.new(0,1,0),Color3.new(0.74117648601532,0.69803923368454,0.66666668653488),Color3.new(0.90980392694473,0.87450981140137,0.84705883264542),Color3.new(0.90980392694473,0.90980392694473,0.90980392694473)},scale=1,id="racehouse_2023_fence",cframe=CFrame.new(652.61541748047,80.0908203125,-664.38104248047,0.40124917030334,0,0.91596907377243,0,1,0,-0.91596907377243,0,0.40124917030334),no_value=true,was_free=false},["f-618"]={hash=2,colors={Color3.new(0.63137257099152,0.52941179275513,0.4705882370472)},scale=1,id="wall_double_wood",cframe=CFrame.new(340.85397338867,12.991380691528,-799.22296142578,-0.077762007713318,0.9969722032547,4.6908855438232e-05,-0.00013232231140137,3.6537647247314e-05,-1.0000002384186,-0.9969722032547,-0.077761769294739,0.00012880563735962),no_value=true,was_free=false},["f-172"]={hash=2,colors={Color3.new(0.53333336114883,0.50588238239288,0.48627451062202),Color3.new(0.59215688705444,0.55686277151108,0.52549022436142),Color3.new(0.69803923368454,0.65882354974747,0.63137257099152),Color3.new(0.74901962280273,0.71764707565308,0.69411766529083),Color3.new(0.73725491762161,0.7294117808342,0.54901963472366),Color3.new(0.48235294222832,0.80392158031464,1)},scale=1,id="halloween_2023_candelabra_light",cframe=CFrame.new(537.54675292969,32.7900390625,-633.16021728516,0.72084355354309,-0,-0.69309777021408,0,1,-0,0.69309777021408,0,0.72084355354309),no_value=true,was_free=false},["f-170"]={hash=2,colors={Color3.new(0.2549019753933,0.40392157435417,0.2549019753933)},scale=1.85,id="biodome_2022_long_bush",cframe=CFrame.new(552.06097412109,11.000011444092,-801.99011230469,-0.30918872356415,-0.21407178044319,0.92659366130829,-0.071026921272278,0.97681212425232,0.20197331905365,-0.94834470748901,-0.0033652409911156,-0.31722414493561),no_value=true,was_free=false},["f-960"]={hash=2,colors={Color3.new(0.37254902720451,0.65490198135376,0.37254902720451)},scale=0.63,id="biodome_2022_four_leaf",cframe=CFrame.new(595.13299560547,37.897151947021,-720.82220458984,0.9957218170166,-0.033901765942574,0.085957661271095,0.080625511705875,0.77321422100067,-0.6289986371994,-0.045139521360397,0.6332380771637,0.77263963222504),no_value=true,was_free=false},["f-548"]={hash=2,colors={Color3.new(0.90980392694473,0.90980392694473,0.90980392694473)},scale=1,id="door_cutout_rounded_stone",cframe=CFrame.new(647.66320800781,61.4921875,-808.66918945312,-0.11042499542236,0,0.99388444423676,0,1,0,-0.99388444423676,0,-0.11042499542236),no_value=true,was_free=false},["f-699"]={hash=2,colors={Color3.new(0.87450981140137,0.87450981140137,0.87058824300766)},scale=1.46,id="queenslander_door_frame",cframe=CFrame.new(705.50726318359,59.331298828125,-736.36419677734,-0.11582863330841,0,0.99326938390732,0,1,0,-0.99326938390732,0,-0.11582863330841),no_value=true,was_free=false},["f-958"]={hash=2,colors={Color3.new(0.74117648601532,0.87058824300766,0.95294117927551)},scale=0.22,id="sphere_v1_glass",cframe=CFrame.new(522.3369140625,16.3203125,-704.77294921875,0.70937603712082,0,0.70483028888702,0,1,0,-0.70483028888702,0,0.70937603712082),no_value=true,was_free=false},["f-868"]={hash=2,colors={Color3.new(0.90980392694473,0.87450981140137,0.84705883264542)},scale=2.32,id="wall_double_plain",cframe=CFrame.new(698.08056640625,54.832275390625,-681.05963134766,-0.59562730789185,0,0.80326092243195,0,1,0,-0.80326092243195,0,-0.59562730789185),no_value=true,was_free=false},["f-1122"]={hash=2,colors={Color3.new(0.10588235408068,0.16470588743687,0.20784313976765),Color3.new(0.83529412746429,0.45098039507866,0.2392156869173)},scale=1,id="vintage_lantern",cframe=CFrame.new(490.35461425781,12.923274993896,-632.91497802734,-0.15663981437683,-0.81281554698944,0.56106573343277,0.031267255544662,0.56371241807938,0.82537907361984,-0.98716074228287,0.14683014154434,-0.062885284423828),no_value=true,was_free=false},["f-443"]={hash=2,colors={Color3.new(0.90980392694473,0.90980392694473,0.90980392694473)},scale=1.99,id="stairs_curved_v2_reverse_stone",cframe=CFrame.new(582.70941162109,30.049871444702,-646.51135253906,-0.99516630172729,0.00073352240724489,-0.098202213644981,0.0008183948812075,0.99999934434891,-0.0008239836897701,0.098201543092728,-0.00090036890469491,-0.99516630172729),no_value=true,was_free=false},["f-129"]={hash=2,colors={Color3.new(0.90980392694473,0.90980392694473,0.90980392694473)},scale=6.19,id="column_v3_brick",cframe=CFrame.new(648.55126953125,25.193359375,-648.66912841797,-0.99388659000397,0,-0.11040938645601,0,1,0,0.11040938645601,0,-0.99388659000397),no_value=true,was_free=false},["f-425"]={hash=2,colors={Color3.new(0.2549019753933,0.40392157435417,0.2549019753933),Color3.new(0.33725491166115,0.258823543787,0.21176470816135),Color3.new(0.42352941632271,0.34509804844856,0.29411765933037),Color3.new(0.48627451062202,0.36078432202339,0.27450981736183)},scale=6.86,id="tinystylishtree",cframe=CFrame.new(559.31903076172,12.77294921875,-735.03100585938,-0.97112309932709,0,0.23857925832272,0,1,0,-0.23857925832272,0,-0.97112309932709),no_value=true,was_free=false},["f-219"]={hash=2,colors={Color3.new(0.23137255012989,0.10980392247438,0.031372550874949),Color3.new(0.33725491166115,0.3647058904171,0.4705882370472)},scale=1.81,id="plants_2024_kentai_palm",cframe=CFrame.new(471.62612915039,5.965087890625,-611.37335205078,0.8660072684288,-0,-0.5000314116478,0,1,-0,0.5000314116478,0,0.8660072684288),no_value=true,was_free=false},["f-332"]={hash=2,colors={Color3.new(0.53333336114883,0.50588238239288,0.48627451062202),Color3.new(0.59215688705444,0.55686277151108,0.52549022436142),Color3.new(0.69803923368454,0.65882354974747,0.63137257099152),Color3.new(0.74901962280273,0.71764707565308,0.69411766529083),Color3.new(0.73725491762161,0.7294117808342,0.54901963472366),Color3.new(0.48235294222832,0.80392158031464,1)},scale=0.9,id="halloween_2023_candelabra_light",cframe=CFrame.new(561.65576171875,38.8359375,-788.732421875,0.020041406154633,-0,-0.99979913234711,0,1,-0,0.99979913234711,0,0.020041406154633),no_value=true,was_free=false},["f-876"]={hash=2,colors={Color3.new(0.90980392694473,0.87450981140137,0.84705883264542)},scale=1,id="beam_v1_plain",cframe=CFrame.new(656.46807861328,78.2998046875,-669.42724609375,4.6730041503906e-05,-0.40111467242241,-0.91602790355682,-1,-4.6849250793457e-05,-3.0577182769775e-05,-3.0577182769775e-05,0.91602790355682,-0.40111470222473),no_value=true,was_free=false},["f-160"]={hash=2,colors={Color3.new(0.30588236451149,0.44313725829124,0.26274511218071),Color3.new(0.33725491166115,0.258823543787,0.21176470816135),Color3.new(0.42352941632271,0.34509804844856,0.29411765933037),Color3.new(0.48627451062202,0.36078432202339,0.27450981736183)},scale=10.39,id="tinystylishtree",cframe=CFrame.new(522.96575927734,-6.09375,-669.94134521484,-0.49624073505402,0,0.86818504333496,0,1,0,-0.86818504333496,0,-0.49624073505402),no_value=true,was_free=false},["f-1055"]={hash=2,colors={Color3.new(0.63137257099152,0.56078433990479,0.48627451062202),Color3.new(0.63137257099152,0.73725491762161,0.87843137979507),Color3.new(0.678431391716,0.79215687513351,0.94117647409439),Color3.new(0.82352942228317,0.71764707565308,0.60000002384186),Color3.new(0.80392158031464,0.80392158031464,0.80392158031464)},scale=1.2,id="queenslander_pet_bed",cframe=CFrame.new(572,41.893310546875,-828.7998046875,0.96144193410873,-0,-0.27500802278519,0,1,-0,0.27500802278519,0,0.96144193410873),no_value=true,was_free=false},["f-348"]={hash=2,colors={Color3.new(0.63921570777893,0.63529413938522,0.64705884456635),Color3.new(0.87450981140137,0.87450981140137,0.87058824300766)},scale=2.05,id="queenslander_wall_straight",cframe=CFrame.new(691.28930664062,55.0478515625,-734.17578125,0.11203634738922,-0,-0.99370408058167,0,1,-0,0.99370408058167,0,0.11203634738922),no_value=true,was_free=false},["f-1423"]={hash=2,colors={Color3.new(0.63921570777893,0.63529413938522,0.64705884456635)},scale=2.25,id="plants_2024_hanging_ivy_medium",cframe=CFrame.new(533.1025390625,30.201940536499,-660.06103515625,0.11062270402908,-0.99386250972748,-0.00012066960334778,0.00012066960334778,0.00013482570648193,-1,0.99386250972748,0.11062267422676,0.00013482570648193),no_value=true,was_free=false},["f-946"]={hash=2,colors={Color3.new(0.63921570777893,0.63529413938522,0.64705884456635)},scale=2.7,id="plants_2024_creeping_ivy_large",cframe=CFrame.new(513.09014892578,11.819104194641,-785.99536132812,0.97680711746216,-0.21412067115307,-0.00037182934465818,0.21412067115307,0.97680115699768,0.0034327963367105,-0.00037182934465818,-0.0034327963367105,0.99999403953552),no_value=true,was_free=false},["f-1505"]={hash=2,colors={Color3.new(0.29019609093666,0.5137255191803,0.29019609093666)},scale=0.99,id="biodome_2022_four_leaf",cframe=CFrame.new(587.25909423828,42.800048828125,-792.93774414062,-0.039225339889526,-0.99707007408142,0.06567157804966,0.85837042331696,2.1755695343018e-05,0.51303040981293,-0.51152867078781,0.076494336128235,0.85585457086563),no_value=true,was_free=false},["f-676"]={hash=2,colors={Color3.new(0.74901962280273,0.71764707565308,0.69411766529083)},scale=1.2,id="trim_v3_bottom_stone",cframe=CFrame.new(650.763671875,76.700675964355,-725.16986083984,-7.8439712524414e-05,-0.10679253935814,-0.99428129196167,1,3.2186508178711e-06,-7.9125165939331e-05,1.1652708053589e-05,-0.99428129196167,0.10679244995117),no_value=true,was_free=false},["f-528"]={hash=2,colors={Color3.new(0.23137255012989,0.10980392247438,0.031372550874949),Color3.new(0.33725491166115,0.3647058904171,0.4705882370472)},scale=2.2,id="plants_2024_kentai_palm",cframe=CFrame.new(509,7.39794921875,-816,1,0,0,0,1,0,0,0,1),no_value=true,was_free=false},["f-467"]={hash=2,colors={Color3.new(0.74901962280273,0.71764707565308,0.69411766529083)},scale=1,id="wall_double_wood",cframe=CFrame.new(710.03338623047,80.204864501953,-662.48156738281,0.62172043323517,-0.78323924541473,-8.1926584243774e-05,0.00013789534568787,4.887580871582e-06,0.99999994039536,-0.78323924541473,-0.62172037363052,0.00011098384857178),no_value=true,was_free=false},["f-994"]={hash=2,colors={Color3.new(0.90980392694473,0.90980392694473,0.90980392694473)},scale=1.15,id="door_cutout_rounded_stone",cframe=CFrame.new(628.72064208984,69.43408203125,-646.38549804688,0.99388617277145,0,0.11040938645601,0,1,0,-0.11040938645601,0,0.99388617277145),no_value=true,was_free=false},["f-1491"]={hash=2,colors={Color3.new(0.74901962280273,0.71764707565308,0.69411766529083)},scale=1,id="floor_half1_stone",cframe=CFrame.new(521.53961181641,14.191979408264,-651.17950439453,0.0040555000305176,-0.21408689022064,0.97680616378784,-0.0026305690407753,0.97680854797363,0.21409833431244,-0.99998831748962,-0.0034378319978714,0.0033982992172241),no_value=true,was_free=false},["f-1510"]={hash=2,colors={Color3.new(0.74901962280273,0.71764707565308,0.69411766529083)},scale=1.48,id="floor_long1_wood",cframe=CFrame.new(678.13696289062,100.00337219238,-660.2607421875,-0.93143105506897,0,-0.36391791701317,0,1,0,0.36391791701317,0,-0.93143105506897),no_value=true,was_free=false},["f-152"]={hash=2,colors={Color3.new(0.87450981140137,0.87450981140137,0.87058824300766)},scale=4.67,id="queenslander_door_frame",cframe=CFrame.new(689.48297119141,73.799903869629,-746.46618652344,-0.00028729438781738,-0.99494057893753,-0.10046446323395,-0.99999636411667,1.7225742340088e-05,0.0026899799704552,-0.0026746429502964,0.10046487301588,-0.9949369430542),no_value=true,was_free=false},["f-1176"]={hash=2,colors={Color3.new(0.42745098471642,0.63137257099152,0.42745098471642),Color3.new(0.33725491166115,0.258823543787,0.21176470816135),Color3.new(0.54117649793625,0.40000000596046,0.30588236451149)},scale=1.37,id="small_island_tree",cframe=CFrame.new(482.9065246582,9.307373046875,-629.77331542969,-0.3231942653656,0,-0.94633263349533,0,1,0,0.94633263349533,0,-0.3231942653656),no_value=true,was_free=false},["f-513"]={hash=2,colors={Color3.new(0.90980392694473,0.90980392694473,0.90980392694473)},scale=1.13,id="column_v1_stone",cframe=CFrame.new(655.76751708984,80.02587890625,-748.51708984375,0.99345898628235,0,0.11418948322535,0,1,0,-0.11418948322535,0,0.99345898628235),no_value=true,was_free=false},["f-515"]={hash=2,colors={Color3.new(0.90980392694473,0.87450981140137,0.84705883264542)},scale=2.3,id="archway_rounded_plain",cframe=CFrame.new(675.72058105469,54.840576171875,-701.59429931641,0.99399071931839,0,0.10946413874626,0,1,0,-0.10946413874626,0,0.99399071931839),no_value=true,was_free=false},["f-597"]={hash=2,colors={Color3.new(0.74901962280273,0.71764707565308,0.69411766529083)},scale=3.88,id="trim_v1_bottom_stone",cframe=CFrame.new(611.74670410156,90.543067932129,-587.52478027344,-1.8477439880371e-05,0.11037844419479,0.99388980865479,1.0000002384186,-0.00022602081298828,4.3541193008423e-05,0.00022929906845093,0.99388980865479,-0.11037862300873),no_value=true,was_free=false},["f-59"]={hash=2,no_value=true,colors={Color3.new(0.68235296010971,0.85490196943283,0.96078431606293),Color3.new(0.79215687513351,0.79607844352722,0.81960785388947)},on=true,scale=1.55,cframe=CFrame.new(603.76281738281,28.121082305908,-710.71820068359,-0.11123085021973,0.0006837296532467,0.9937943816185,-0.0008124178275466,0.99999934434891,-0.00077892892295495,-0.99379426240921,-0.00089401722652838,-0.11123025417328),was_free=false,id="influencer_2022_neon_light_strip"},["f-19"]={hash=2,colors={Color3.new(0.258823543787,0.46666666865349,0.258823543787),Color3.new(0.33725491166115,0.258823543787,0.21176470816135),Color3.new(0.42352941632271,0.34509804844856,0.29411765933037),Color3.new(0.48627451062202,0.36078432202339,0.27450981736183)},scale=12.14,id="tinystylishtree",cframe=CFrame.new(562.70324707031,10.323974609375,-793.73699951172,0.99978893995285,0,0.020543554797769,0,1,0,-0.020543554797769,0,0.99978893995285),no_value=true,was_free=false},["f-99"]={hash=2,colors={Color3.new(0.23137255012989,0.10980392247438,0.031372550874949),Color3.new(0.33725491166115,0.3647058904171,0.4705882370472),Color3.new(0.85490196943283,0.4705882370472,0.4745098054409),Color3.new(0.8941176533699,0.49019607901573,0.56470590829849)},scale=3.52,id="plants_2024_flamingo_flower",cframe=CFrame.new(478.70266723633,7.6381840705872,-630.70440673828,0.99000364542007,0,0.14104165136814,0,1,0,-0.14104165136814,0,0.99000364542007),no_value=true,was_free=false},["f-1382"]={hash=2,colors={Color3.new(0.88627451658249,0.88627451658249,0.88627451658249)},scale=1.88,id="column_v1_plain",cframe=CFrame.new(721.86401367188,55.20703125,-760.28839111328,0.993971824646,0,0.10963600128889,0,1,0,-0.10963600128889,0,0.993971824646),no_value=true,was_free=false},["f-701"]={hash=2,colors={Color3.new(0.90980392694473,0.87450981140137,0.84705883264542)},scale=2.32,id="wall_double_plain",cframe=CFrame.new(669,54.832275390625,-610,0.62174081802368,0,0.78322303295135,0,1,0,-0.78322303295135,0,0.62174081802368),no_value=true,was_free=false},["f-435"]={hash=2,colors={Color3.new(0.74901962280273,0.71764707565308,0.69411766529083)},scale=1,id="beam_v1_stone",cframe=CFrame.new(648.70135498047,91.0908203125,-774.01214599609,-0.40134382247925,0,-0.91592752933502,0,1,0,0.91592752933502,0,-0.40134382247925),no_value=true,was_free=false},["f-1265"]={hash=2,colors={Color3.new(0.75686275959015,0.90980392694473,1),Color3.new(0.82745099067688,0.74509805440903,0.58823531866074),Color3.new(0.83137255907059,0.73333334922791,0.54901963472366)},scale=1,id="winter_2024_chair",cframe=CFrame.new(555.33514404297,29.11669921875,-741.64984130859,0.62402820587158,0.10875622928143,0.77379637956619,-3.4701079130173e-05,0.9902708530426,-0.13915349543095,-0.78140181303024,0.086808860301971,0.61796075105667),no_value=true,was_free=false},["f-360"]={hash=2,colors={Color3.new(0.87450981140137,0.87450981140137,0.87058824300766)},scale=1.31,id="column_v1_plain",cframe=CFrame.new(708.81433105469,48.579345703125,-738.23254394531,0.99327003955841,0,0.11582142114639,0,1,0,-0.11582142114639,0,0.99327003955841),no_value=true,was_free=false},["f-948"]={hash=2,colors={Color3.new(0.38039216399193,0.49803921580315,0.80000001192093),Color3.new(0.31764706969261,0.39607843756676,0.69411766529083),Color3.new(0.59607845544815,0.76078432798386,0.85882353782654),Color3.new(0.3647058904171,0.5137255191803,0.60392159223557)},scale=2.79,id="plants_2024_flamingo_flower",cframe=CFrame.new(529,28.3916015625,-806,-0.012655854225159,0,0.99991989135742,0,1,0,-0.99991989135742,0,-0.012655854225159),no_value=true,was_free=false},["f-1234"]={hash=2,colors={Color3.new(0.90980392694473,0.90980392694473,0.90980392694473)},scale=1.7,id="trim_v3_bottom_stone",cframe=CFrame.new(650.83837890625,76.499984741211,-787.33459472656,8.5830688476562e-06,-0.99388349056244,0.11043320596218,1,8.5830688476562e-06,-4.7311186790466e-07,-4.7311186790466e-07,0.11043320596218,0.99388355016708),no_value=true,was_free=false},["f-849"]={hash=2,colors={Color3.new(0.74901962280273,0.71764707565308,0.69411766529083)},scale=1,id="wall_double_wood",cframe=CFrame.new(698.65643310547,80.202369689941,-648.14782714844,0.62172043323517,-0.78323924541473,-8.1926584243774e-05,0.00013789534568787,4.887580871582e-06,0.99999994039536,-0.78323924541473,-0.62172037363052,0.00011098384857178),no_value=true,was_free=false},["f-102"]={hash=2,colors={Color3.new(0.63921570777893,0.63529413938522,0.64705884456635),Color3.new(0.87450981140137,0.87450981140137,0.87058824300766)},scale=2.05,id="queenslander_wall_straight",cframe=CFrame.new(714.37768554688,55.0478515625,-781.5615234375,-0.11203634738922,0,0.99370408058167,0,1,0,-0.99370408058167,0,-0.11203634738922),no_value=true,was_free=false},["f-128"]={hash=2,colors={Color3.new(0.24313725531101,0.49019607901573,0.24313725531101),Color3.new(0.33725491166115,0.258823543787,0.21176470816135),Color3.new(0.42352941632271,0.34509804844856,0.29411765933037),Color3.new(0.48627451062202,0.36078432202339,0.27450981736183)},scale=12.14,id="tinystylishtree",cframe=CFrame.new(551.3818359375,12.123779296875,-793.00732421875,0.69241964817047,0,0.72149503231049,0,1,0,-0.72149503231049,0,0.69241964817047),no_value=true,was_free=false},["f-1228"]={hash=2,colors={Color3.new(0.90980392694473,0.87450981140137,0.84705883264542)},scale=1.8,id="wall_tall_plain",cframe=CFrame.new(686.59368896484,42.392333984375,-788.51049804688,-0.11042499542236,0,0.99388444423676,0,1,0,-0.99388444423676,0,-0.11042499542236),no_value=true,was_free=false},["f-843"]={hash=2,colors={Color3.new(0.74117648601532,0.87058824300766,0.95294117927551)},scale=0.54,id="torus_v1_glass",cframe=CFrame.new(549.54534912109,26.259473800659,-721.48962402344,0.71095287799835,0.00076119293225929,0.70323926210403,-0.0011549892369658,0.99999934434891,8.5249193944037e-05,-0.70323866605759,-0.00087284191977233,0.71095329523087),no_value=true,was_free=false},["f-727"]={hash=2,colors={Color3.new(0.90980392694473,0.90980392694473,0.90980392694473)},scale=2.07,id="column_v3_brick",cframe=CFrame.new(604.62982177734,54.138916015625,-643.87280273438,0.99388617277145,0,0.11040938645601,0,1,0,-0.11040938645601,0,0.99388617277145),no_value=true,was_free=false},["f-844"]={hash=2,colors={Color3.new(0.74901962280273,0.71764707565308,0.69411766529083)},scale=2.3,id="beam_v1_brick",cframe=CFrame.new(652.29602050781,79.38525390625,-646.67895507812,0.99387663602829,0,0.11049530655146,0,1,0,-0.11049530655146,0,0.99387663602829),no_value=true,was_free=false},["f-748"]={hash=2,colors={Color3.new(0.94901961088181,0.95294117927551,0.95294117927551)},scale=2.85,id="floor_double_plain",cframe=CFrame.new(675.1962890625,51.854347229004,-757.1875,0.99321991205215,0,0.11625085026026,0,1,0,-0.11625085026026,0,0.99321991205215),no_value=true,was_free=false},["f-607"]={hash=2,colors={Color3.new(1,0.69803923368454,0.53333336114883),Color3.new(0.10588235408068,0.16470588743687,0.20784313976765),Color3.new(0.32941177487373,0.30588236451149,0.29019609093666),Color3.new(0.36078432202339,0.34901961684227,0.33725491166115)},scale=1.89,id="pagoda",cframe=CFrame.new(485,10.553955078125,-693,0.86792188882828,0,0.49670076370239,0,1,0,-0.49670076370239,0,0.86792188882828),no_value=true,was_free=false},["f-587"]={hash=2,colors={Color3.new(0.53333336114883,0.50588238239288,0.48627451062202),