return {house_pos=Vector3.new(-3000,4000,-9000),furniture={["f-1651"]={hash=2,colors={Color3.new(0.92549020051956,0.88627451658249,0.30196079611778),Color3.new(0.58431375026703,0.53725492954254,0.53333336114883),Color3.new(0.6235294342041,0.63137257099152,0.6745098233223),Color3.new(0.63921570777893,0.63529413938522,0.64705884456635),Color3.new(0.84313726425171,0.77254903316498,0.60392159223557)},scale=0.05,id="basicbed",cframe=CFrame.new(3.8999021053314,16.343505859375,-27,1,0,0,0,1,0,0,0,1),no_value=true,was_free=false},["f-3074"]={hash=2,colors={Color3.new(0.92549020051956,0.88627451658249,0.30196079611778),Color3.new(0.58431375026703,0.53725492954254,0.53333336114883),Color3.new(0.6235294342041,0.63137257099152,0.6745098233223),Color3.new(0.63921570777893,0.63529413938522,0.64705884456635),Color3.new(0.84313726425171,0.77254903316498,0.60392159223557)},scale=0.05,id="basicbed",cframe=CFrame.new(3.8999021053314,16.343505859375,-27,1,0,0,0,1,0,0,0,1),no_value=true,was_free=false},["f-625"]={hash=2,colors={Color3.new(0.92549020051956,0.88627451658249,0.30196079611778),Color3.new(0.58431375026703,0.53725492954254,0.53333336114883),Color3.new(0.6235294342041,0.63137257099152,0.6745098233223),Color3.new(0.63921570777893,0.63529413938522,0.64705884456635),Color3.new(0.84313726425171,0.77254903316498,0.60392159223557)},scale=0.05,id="basicbed",cframe=CFrame.new(3.8999021053314,16.343505859375,-27,1,0,0,0,1,0,0,0,1),no_value=true,was_free=false},["f-1879"]={hash=2,colors={Color3.new(0.26274511218071,0.28627452254295,0.27450981736183)},scale=0.15,id="biodome_2022_four_leaf",cframe=CFrame.new(-30.812900543213,178.37664794922,194.66665649414,0.52344989776611,0.31205913424492,0.79285514354706,-0.85187315940857,0.21096670627594,0.47937992215157,-0.017671167850494,-0.92634344100952,0.37626534700394),no_value=true,was_free=false},["f-1983"]={hash=2,colors={Color3.new(0.92549020051956,0.88627451658249,0.30196079611778),Color3.new(0.58431375026703,0.53725492954254,0.53333336114883),Color3.new(0.6235294342041,0.63137257099152,0.6745098233223),Color3.new(0.63921570777893,0.63529413938522,0.64705884456635),Color3.new(0.84313726425171,0.77254903316498,0.60392159223557)},scale=0.05,id="basicbed",cframe=CFrame.new(3.8999021053314,16.343505859375,-27,1,0,0,0,1,0,0,0,1),no_value=true,was_free=false},["f-1535"]={hash=2,colors={Color3.new(0.92549020051956,0.88627451658249,0.30196079611778),Color3.new(0.58431375026703,0.53725492954254,0.53333336114883),Color3.new(0.6235294342041,0.63137257099152,0.6745098233223),Color3.new(0.63921570777893,0.63529413938522,0.64705884456635),Color3.new(0.84313726425171,0.77254903316498,0.60392159223557)},scale=0.05,id="basicbed",cframe=CFrame.new(3.8999021053314,16.343505859375,-27,1,0,0,0,1,0,0,0,1),no_value=true,was_free=false},["f-898"]={hash=2,colors={Color3.new(0.92549020051956,0.88627451658249,0.30196079611778),Color3.new(0.58431375026703,0.53725492954254,0.53333336114883),Color3.new(0.6235294342041,0.63137257099152,0.6745098233223),Color3.new(0.63921570777893,0.63529413938522,0.64705884456635),Color3.new(0.84313726425171,0.77254903316498,0.60392159223557)},scale=0.05,id="basicbed",cframe=CFrame.new(3.8999021053314,16.343505859375,-27,1,0,0,0,1,0,0,0,1),no_value=true,was_free=false},["f-140"]={hash=2,colors={Color3.new(0.92549020051956,0.88627451658249,0.30196079611778),Color3.new(0.58431375026703,0.53725492954254,0.53333336114883),Color3.new(0.6235294342041,0.63137257099152,0.6745098233223),Color3.new(0.63921570777893,0.63529413938522,0.64705884456635),Color3.new(0.84313726425171,0.77254903316498,0.60392159223557)},scale=0.05,id="basicbed",cframe=CFrame.new(3.8999021053314,16.343505859375,-27,1,0,0,0,1,0,0,0,1),no_value=true,was_free=false},["f-1531"]={hash=2,colors={Color3.new(0.92549020051956,0.88627451658249,0.30196079611778),Color3.new(0.58431375026703,0.53725492954254,0.53333336114883),Color3.new(0.6235294342041,0.63137257099152,0.6745098233223),Color3.new(0.63921570777893,0.63529413938522,0.64705884456635),Color3.new(0.84313726425171,0.77254903316498,0.60392159223557)},scale=0.05,id="basicbed",cframe=CFrame.new(3.8999021053314,16.343505859375,-27,1,0,0,0,1,0,0,0,1),no_value=true,was_free=false},["f-1675"]={hash=2,colors={Color3.new(0.92549020051956,0.88627451658249,0.30196079611778),Color3.new(0.58431375026703,0.53725492954254,0.53333336114883),Color3.new(0.6235294342041,0.63137257099152,0.6745098233223),Color3.new(0.63921570777893,0.63529413938522,0.64705884456635),Color3.new(0.84313726425171,0.77254903316498,0.60392159223557)},scale=0.05,id="basicbed",cframe=CFrame.new(3.8999021053314,16.343505859375,-27,1,0,0,0,1,0,0,0,1),no_value=true,was_free=false},["f-2079"]={hash=2,colors={Color3.new(0.26274511218071,0.28627452254295,0.27450981736183)},scale=1.95,id="mound",cframe=CFrame.new(31.587890625,118.27294921875,158.02069091797,1,0,0,0,1,0,0,0,1),no_value=true,was_free=false},["f-3027"]={hash=2,colors={Color3.new(0.92549020051956,0.88627451658249,0.30196079611778),Color3.new(0.58431375026703,0.53725492954254,0.53333336114883),Color3.new(0.6235294342041,0.63137257099152,0.6745098233223),Color3.new(0.63921570777893,0.63529413938522,0.64705884456635),Color3.new(0.84313726425171,0.77254903316498,0.60392159223557)},scale=0.05,id="basicbed",cframe=CFrame.new(3.8999021053314,16.343505859375,-27,1,0,0,0,1,0,0,0,1),no_value=true,was_free=false},["f-2060"]={hash=2,colors={Color3.new(0.26274511218071,0.28627452254295,0.27450981736183)},scale=2.37,id="mound",cframe=CFrame.new(-57.620872497559,92.45751953125,89.811042785645,-0.80862414836884,0,0.58832615613937,0,1,0,-0.58832615613937,0,-0.80862414836884),no_value=true,was_free=false},["f-668"]={hash=2,colors={Color3.new(0.92549020051956,0.88627451658249,0.30196079611778),Color3.new(0.58431375026703,0.53725492954254,0.53333336114883),Color3.new(0.6235294342041,0.63137257099152,0.6745098233223),Color3.new(0.63921570777893,0.63529413938522,0.64705884456635),Color3.new(0.84313726425171,0.77254903316498,0.60392159223557)},scale=0.05,id="basicbed",cframe=CFrame.new(3.8999021053314,16.343505859375,-27,1,0,0,0,1,0,0,0,1),no_value=true,was_free=false},["f-2783"]={hash=2,colors={Color3.new(0.26274511218071,0.28627452254295,0.27450981736183),Color3.new(0.26274511218071,0.28627452254295,0.27450981736183),Color3.new(0.26274511218071,0.28627452254295,0.27450981736183),Color3.new(0.26274511218071,0.28627452254295,0.27450981736183),Color3.new(0.26274511218071,0.28627452254295,0.27450981736183)},scale=0.35,id="queenslander_rubber_tree",cframe=CFrame.new(21.819580078125,31.52197265625,14.074971199036,0.97436636686325,0,0.22496700286865,0,-1.0000004768372,0,0.22496700286865,0,-0.97436678409576),no_value=true,was_free=false},["f-2895"]={hash=2,colors={Color3.new(0.92549020051956,0.88627451658249,0.30196079611778),Color3.new(0.58431375026703,0.53725492954254,0.53333336114883),Color3.new(0.6235294342041,0.63137257099152,0.6745098233223),Color3.new(0.63921570777893,0.63529413938522,0.64705884456635),Color3.new(0.84313726425171,0.77254903316498,0.60392159223557)},scale=0.05,id="basicbed",cframe=CFrame.new(3.8999021053314,16.343505859375,-27,1,0,0,0,1,0,0,0,1),no_value=true,was_free=false},["f-2917"]={hash=2,colors={Color3.new(0.26274511218071,0.28627452254295,0.27450981736183)},scale=1.89,id="mound",cframe=CFrame.new(105.18940734863,85.498046875,-73.420364379883,0.95632022619247,0,0.29232117533684,0,1,0,-0.29232117533684,0,0.95632022619247),no_value=true,was_free=false},["f-3055"]={hash=2,colors={Color3.new(0.26274511218071,0.28627452254295,0.27450981736183),Color3.new(0.26274511218071,0.28627452254295,0.27450981736183),Color3.new(0.26274511218071,0.28627452254295,0.27450981736183),Color3.new(0.26274511218071,0.28627452254295,0.27450981736183),Color3.new(0.26274511218071,0.28627452254295,0.27450981736183)},scale=0.35,id="queenslander_rubber_tree",cframe=CFrame.new(22.599123001099,32.02197265625,14.254942893982,0.97436636686325,0,0.22496700286865,0,-1.0000004768372,0,0.22496700286865,0,-0.97436678409576),no_value=true,was_free=false},["f-1540"]={hash=2,colors={Color3.new(0.92549020051956,0.88627451658249,0.30196079611778),Color3.new(0.58431375026703,0.53725492954254,0.53333336114883),Color3.new(0.6235294342041,0.63137257099152,0.6745098233223),Color3.new(0.63921570777893,0.63529413938522,0.64705884456635),Color3.new(0.84313726425171,0.77254903316498,0.60392159223557)},scale=0.05,id="basicbed",cframe=CFrame.new(3.8999021053314,16.343505859375,-27,1,0,0,0,1,0,0,0,1),no_value=true,was_free=false},["f-1077"]={hash=2,colors={Color3.new(0.92549020051956,0.88627451658249,0.30196079611778),Color3.new(0.58431375026703,0.53725492954254,0.53333336114883),Color3.new(0.6235294342041,0.63137257099152,0.6745098233223),Color3.new(0.63921570777893,0.63529413938522,0.64705884456635),Color3.new(0.84313726425171,0.77254903316498,0.60392159223557)},scale=0.05,id="basicbed",cframe=CFrame.new(3.8999021053314,16.343505859375,-27,1,0,0,0,1,0,0,0,1),no_value=true,was_free=false},["f-1044"]={hash=2,colors={Color3.new(0.48627451062202,0.48627451062202,0.48627451062202)},scale=1.34,id="large_island_rock",cframe=CFrame.new(62.239978790283,78.250015258789,98.452507019043,0.15869414806366,-0.72306770086288,-0.67230147123337,0.92878299951553,-0.12166333198547,0.3500859439373,-0.33493036031723,-0.67997872829437,0.65226572751999),no_value=true,was_free=false},["f-159"]={hash=2,colors={Color3.new(0.92549020051956,0.88627451658249,0.30196079611778),Color3.new(0.58431375026703,0.53725492954254,0.53333336114883),Color3.new(0.6235294342041,0.63137257099152,0.6745098233223),Color3.new(0.63921570777893,0.63529413938522,0.64705884456635),Color3.new(0.84313726425171,0.77254903316498,0.60392159223557)},scale=0.05,id="basicbed",cframe=CFrame.new(3.8999021053314,16.343505859375,-27,1,0,0,0,1,0,0,0,1),no_value=true,was_free=false},["f-1189"]={hash=2,colors={Color3.new(0.419607847929,0.37647059559822,0.32549020648003)},scale=0.16,id="beam_v1_plain",cframe=CFrame.new(46.070770263672,102.28173828125,128.04914855957,-0.13909089565277,0,0.99027985334396,0,1,0,-0.99027985334396,0,-0.13909089565277),no_value=true,was_free=false},["f-1297"]={hash=2,colors={Color3.new(0.92549020051956,0.88627451658249,0.30196079611778),Color3.new(0.58431375026703,0.53725492954254,0.53333336114883),Color3.new(0.6235294342041,0.63137257099152,0.6745098233223),Color3.new(0.63921570777893,0.63529413938522,0.64705884456635),Color3.new(0.84313726425171,0.77254903316498,0.60392159223557)},scale=0.05,id="basicbed",cframe=CFrame.new(3.8999021053314,16.343505859375,-27,1,0,0,0,1,0,0,0,1),no_value=true,was_free=false},["f-2076"]={hash=2,colors={Color3.new(0.92549020051956,0.88627451658249,0.30196079611778),Color3.new(0.58431375026703,0.53725492954254,0.53333336114883),Color3.new(0.6235294342041,0.63137257099152,0.6745098233223),Color3.new(0.63921570777893,0.63529413938522,0.64705884456635),Color3.new(0.84313726425171,0.77254903316498,0.60392159223557)},scale=0.05,id="basicbed",cframe=CFrame.new(3.8999021053314,16.343505859375,-27,1,0,0,0,1,0,0,0,1),no_value=true,was_free=false},["f-899"]={hash=2,colors={Color3.new(0.419607847929,0.37647059559822,0.32549020648003)},scale=0.18,id="beam_v1_plain",cframe=CFrame.new(41.608451843262,93.628173828125,113.56275177002,-1.8715858459473e-05,0.9205167889595,0.39070305228233,-1,-1.8715858459473e-05,-3.814697265625e-06,3.814697265625e-06,-0.39070305228233,0.9205167889595),no_value=true,was_free=false},["f-3146"]={hash=2,colors={Color3.new(0.43137255311012,0.43137255311012,0.43137255311012)},scale=1,id="stairs_v2_stone",cframe=CFrame.new(-14.300422668457,56.781494140625,70.03197479248,0.99451804161072,-0,-0.10456500202417,0,1,-0,0.10456500202417,0,0.99451804161072),no_value=true,was_free=false},["f-2972"]={hash=2,colors={Color3.new(0.258823543787,0.258823543787,0.258823543787),Color3.new(0.29803922772408,0.27843138575554,0.26274511218071)},scale=0.33,id="biodome_2022_large_tree",cframe=CFrame.new(25.7001953125,86.77294921875,103.90000152588,0.29242151975632,-0,-0.95628952980042,0,1,-0,0.95628952980042,0,0.29242151975632),no_value=true,was_free=false},["f-2365"]={hash=2,colors={Color3.new(0.92549020051956,0.88627451658249,0.30196079611778),Color3.new(0.58431375026703,0.53725492954254,0.53333336114883),Color3.new(0.6235294342041,0.63137257099152,0.6745098233223),Color3.new(0.63921570777893,0.63529413938522,0.64705884456635),Color3.new(0.84313726425171,0.77254903316498,0.60392159223557)},scale=0.05,id="basicbed",cframe=CFrame.new(3.8999021053314,16.343505859375,-27,1,0,0,0,1,0,0,0,1),no_value=true,was_free=false},["f-787"]={hash=2,colors={Color3.new(0.41568627953529,0.43137255311012,0.42352941632271)},scale=2.39,id="large_disk",cframe=CFrame.new(-109.20960235596,78.079833984375,63.668746948242,0.99999231100082,0.0029293475672603,0.0025959832128137,0.0029405248351395,-0.99998641014099,-0.0043122824281454,0.0025833158288151,0.0043198829516768,-0.99998736381531),no_value=true,was_free=false},["f-2764"]={hash=2,colors={Color3.new(0.92549020051956,0.88627451658249,0.30196079611778),Color3.new(0.58431375026703,0.53725492954254,0.53333336114883),Color3.new(0.6235294342041,0.63137257099152,0.6745098233223),Color3.new(0.63921570777893,0.63529413938522,0.64705884456635),Color3.new(0.84313726425171,0.77254903316498,0.60392159223557)},scale=0.05,id="basicbed",cframe=CFrame.new(3.8999021053314,16.343505859375,-27,1,0,0,0,1,0,0,0,1),no_value=true,was_free=false},["f-1859"]={hash=2,colors={Color3.new(0.4745098054409,0.37254902720451,0.37254902720451),Color3.new(0.29803922772408,0.27843138575554,0.26274511218071)},scale=0.35,id="biodome_2022_large_tree",cframe=CFrame.new(-36.621273040771,84.79248046875,119.06543731689,0.62928605079651,-0,-0.7771737575531,0,1,-0,0.7771737575531,0,0.62928605079651),no_value=true,was_free=false},["f-2260"]={hash=2,colors={Color3.new(0.92549020051956,0.88627451658249,0.30196079611778),Color3.new(0.58431375026703,0.53725492954254,0.53333336114883),Color3.new(0.6235294342041,0.63137257099152,0.6745098233223),Color3.new(0.63921570777893,0.63529413938522,0.64705884456635),Color3.new(0.84313726425171,0.77254903316498,0.60392159223557)},scale=0.05,id="basicbed",cframe=CFrame.new(3.8999021053314,16.343505859375,-27,1,0,0,0,1,0,0,0,1),no_value=true,was_free=false},["f-1172"]={hash=2,colors={Color3.new(0.419607847929,0.37647059559822,0.32549020648003)},scale=0.18,id="beam_v1_plain",cframe=CFrame.new(38.43571472168,92.359375,121.66398620605,-1.8715858459473e-05,0.9205167889595,0.39070305228233,-1,-1.8715858459473e-05,-3.814697265625e-06,3.814697265625e-06,-0.39070305228233,0.9205167889595),no_value=true,was_free=false},["f-1934"]={hash=2,colors={Color3.new(0.35294118523598,0.35294118523598,0.35294118523598),Color3.new(0.41176471114159,0.41176471114159,0.41176471114159)},scale=0.65,id="small_lantern",cframe=CFrame.new(100.02700042725,86.61328125,-56.901916503906,0.8660072684288,-0,-0.5000314116478,0,1,-0,0.5000314116478,0,0.8660072684288),no_value=true,was_free=false},["f-1266"]={hash=2,colors={Color3.new(0.35294118523598,0.35294118523598,0.35294118523598)},scale=0.75,id="large_island_rock",cframe=CFrame.new(44.394199371338,35.354434967041,48.366165161133,-0.6507476568222,-0.72245395183563,0.23364043235779,0.59816980361938,-0.67731130123138,-0.42830163240433,0.46767550706863,-0.13895958662033,0.8729088306427),no_value=true,was_free=false},["f-1292"]={hash=2,colors={Color3.new(0.36078432202339,0.33725491166115,0.3098039329052),Color3.new(0.29803922772408,0.28627452254295,0.26274511218071)},scale=0.55,id="wood_rail",cframe=CFrame.new(7.2939558029175,24.592430114746,22.640283584595,0.38301277160645,-0.11832904815674,0.91613292694092,0.64277315139771,0.74642419815063,-0.17231851816177,-0.66343343257904,0.65486580133438,0.3619487285614),no_value=true,was_free=false},["f-1735"]={hash=2,colors={Color3.new(0.29803922772408,0.28627452254295,0.26274511218071)},scale=1.79,id="ropes_horizontalstring_v3",cframe=CFrame.new(-38.007778167725,76.811553955078,67.538139343262,0.2065817117691,0.79909718036652,0.5645951628685,-0.96508777141571,0.26138532161713,-0.016831129789352,-0.16102658212185,-0.54140686988831,0.82519632577896),no_value=true,was_free=false},["f-2523"]={hash=2,colors={Color3.new(0.92549020051956,0.88627451658249,0.30196079611778),Color3.new(0.58431375026703,0.53725492954254,0.53333336114883),Color3.new(0.6235294342041,0.63137257099152,0.6745098233223),Color3.new(0.63921570777893,0.63529413938522,0.64705884456635),Color3.new(0.84313726425171,0.77254903316498,0.60392159223557)},scale=0.05,id="basicbed",cframe=CFrame.new(3.8999021053314,16.343505859375,-27,1,0,0,0,1,0,0,0,1),no_value=true,was_free=false},["f-165"]={hash=2,colors={Color3.new(0.26274511218071,0.28627452254295,0.27450981736183)},scale=0.2,id="round_wall_v3_plain",cframe=CFrame.new(38.825996398926,18.511770248413,-0.54584699869156,-0.70720076560974,0.70701324939728,4.0769577026367e-05,-7.2002410888672e-05,-1.4543533325195e-05,-1.0000001192093,-0.70701324939728,-0.70720052719116,6.0915946960449e-05),no_value=true,was_free=false},["f-1213"]={hash=2,colors={Color3.new(0.92549020051956,0.88627451658249,0.30196079611778),Color3.new(0.58431375026703,0.53725492954254,0.53333336114883),Color3.new(0.6235294342041,0.63137257099152,0.6745098233223),Color3.new(0.63921570777893,0.63529413938522,0.64705884456635),Color3.new(0.84313726425171,0.77254903316498,0.60392159223557)},scale=0.05,id="basicbed",cframe=CFrame.new(3.8999021053314,16.343505859375,-27,1,0,0,0,1,0,0,0,1),no_value=true,was_free=false},["f-3160"]={hash=2,colors={Color3.new(0.92549020051956,0.88627451658249,0.30196079611778),Color3.new(0.58431375026703,0.53725492954254,0.53333336114883),Color3.new(0.6235294342041,0.63137257099152,0.6745098233223),Color3.new(0.63921570777893,0.63529413938522,0.64705884456635),Color3.new(0.84313726425171,0.77254903316498,0.60392159223557)},scale=0.05,id="basicbed",cframe=CFrame.new(3.8999021053314,16.343505859375,-27,1,0,0,0,1,0,0,0,1),no_value=true,was_free=false},["f-395"]={hash=2,colors={Color3.new(0.26274511218071,0.28627452254295,0.27450981736183),Color3.new(0.26274511218071,0.28627452254295,0.27450981736183),Color3.new(0.26274511218071,0.28627452254295,0.27450981736183),Color3.new(0.26274511218071,0.28627452254295,0.27450981736183),Color3.new(0.26274511218071,0.28627452254295,0.27450981736183),Color3.new(0.26274511218071,0.3098039329052,0.28627452254295)},scale=1.88,id="winter_2024_poinsettia",cframe=CFrame.new(47.57869720459,82.499778747559,105.98449707031,0.97436636686325,-0,-0.22496700286865,0,1,-0,0.22496700286865,0,0.97436636686325),no_value=true,was_free=false},["f-2343"]={hash=2,colors={Color3.new(0.26274511218071,0.28627452254295,0.27450981736183)},scale=2.58,id="large_disk",cframe=CFrame.new(-35.2578125,81.819839477539,119.36393737793,-0.6292861700058,0,0.7771737575531,0,1,0,-0.7771737575531,0,-0.6292861700058),no_value=true,was_free=false},["f-1951"]={hash=2,colors={Color3.new(0.26274511218071,0.28627452254295,0.27450981736183)},scale=0.8,id="snowmound_v2",cframe=CFrame.new(54.50341796875,15.531055450439,6.3378911018372,0.70713424682617,0,0.70707929134369,0,1,0,-0.70707929134369,0,0.70713424682617),no_value=true,was_free=false},["f-1883"]={hash=2,colors={Color3.new(0.26274511218071,0.28627452254295,0.27450981736183),Color3.new(0.29803922772408,0.27843138575554,0.26274511218071)},scale=0.15,id="biodome_2022_large_tree",cframe=CFrame.new(54.30973815918,29.660097122192,42.503067016602,0.17138463258743,0.0046904515475035,0.98519295454025,0.0046904515475035,-0.99998116493225,0.0039449045434594,0.98519295454025,0.0039449045434594,-0.17140340805054),no_value=true,was_free=false},["f-2346"]={hash=2,colors={Color3.new(0.38039216399193,0.34901961684227,0.3098039329052)},scale=0.3,id="ropes_verticalrope_v3",cframe=CFrame.new(37.713054656982,88.6728515625,115.39528656006,0.92051064968109,0,0.39071750640869,0,1,0,-0.39071750640869,0,0.92051064968109),no_value=true,was_free=false},["f-1318"]={hash=2,colors={Color3.new(0.26274511218071,0.28627452254295,0.27450981736183)},scale=0.4,id="biodome_2022_four_leaf",cframe=CFrame.new(15.199951171875,17.336475372314,2.8999021053314,0.49995946884155,0,0.86604881286621,0,1,0,-0.86604881286621,0,0.49995946884155),no_value=true,was_free=false},["f-2266"]={hash=2,colors={Color3.new(0.419607847929,0.37647059559822,0.32549020648003),Color3.new(0.419607847929,0.37647059559822,0.32549020648003)},scale=0.42,id="queenslander_wall_straight",cframe=CFrame.new(98.826797485352,111.05298614502,198.8219909668,0.9271793961525,-0,-0.37461769580841,0,1,-0,0.37461769580841,0,0.9271793961525),no_value=true,was_free=false},["f-1889"]={hash=2,colors={Color3.new(0.26274511218071,0.28627452254295,0.27450981736183),Color3.new(0.26274511218071,0.28627452254295,0.27450981736183),Color3.new(0.26274511218071,0.28627452254295,0.27450981736183),Color3.new(0.26274511218071,0.28627452254295,0.27450981736183),Color3.new(0.26274511218071,0.28627452254295,0.27450981736183),Color3.new(0.26274511218071,0.3098039329052,0.28627452254295)},scale=1.88,id="winter_2024_poinsettia",cframe=CFrame.new(52.0078125,91.581092834473,119.36835479736,0.9832866191864,-0,-0.18206450343132,0,1,-0,0.18206450343132,0,0.9832866191864),no_value=true,was_free=false},["f-1336"]={hash=2,colors={Color3.new(0.92549020051956,0.88627451658249,0.30196079611778),Color3.new(0.58431375026703,0.53725492954254,0.53333336114883),Color3.new(0.6235294342041,0.63137257099152,0.6745098233223),Color3.new(0.63921570777893,0.63529413938522,0.64705884456635),Color3.new(0.84313726425171,0.77254903316498,0.60392159223557)},scale=0.05,id="basicbed",cframe=CFrame.new(3.8999021053314,16.343505859375,-27,1,0,0,0,1,0,0,0,1),no_value=true,was_free=false},["f-618"]={hash=2,colors={Color3.new(0.26274511218071,0.28627452254295,0.27450981736183)},scale=0.61,id="biodome_2022_four_leaf",cframe=CFrame.new(29.546564102173,85.67919921875,109.96228790283,0.73132139444351,-0,-0.68203300237656,0,1,-0,0.68203300237656,0,0.73132139444351),no_value=true,was_free=false},["f-2049"]={hash=2,colors={Color3.new(0.46666666865349,0.37647059559822,0.37647059559822),Color3.new(0.4745098054409,0.37254902720451,0.37254902720451),Color3.new(0.29803922772408,0.27843138575554,0.26274511218071)},scale=0.28,id="safari_2023_tree",cframe=CFrame.new(36.500183105469,16.857215881348,-5.6003141403198,-0.86600744724274,0,-0.5000314116478,0,1,0,0.5000314116478,0,-0.86600744724274),no_value=true,was_free=false},["f-2594"]={hash=2,colors={Color3.new(0.92549020051956,0.88627451658249,0.30196079611778),Color3.new(0.58431375026703,0.53725492954254,0.53333336114883),Color3.new(0.6235294342041,0.63137257099152,0.6745098233223),Color3.new(0.63921570777893,0.63529413938522,0.64705884456635),Color3.new(0.84313726425171,0.77254903316498,0.60392159223557)},scale=0.05,id="basicbed",cframe=CFrame.new(3.8999021053314,16.343505859375,-27,1,0,0,0,1,0,0,0,1),no_value=true,was_free=false},["f-2734"]={hash=2,colors={Color3.new(0.34117648005486,0.34117648005486,0.34117648005486)},scale=5.22,id="moon_house_2025_space_asteroid",cframe=CFrame.new(-93.099609375,96.7646484375,36.899997711182,1,0,0,0,1,0,0,0,1),no_value=true,was_free=false},["f-170"]={hash=2,colors={Color3.new(0.26274511218071,0.28627452254295,0.27450981736183),Color3.new(0.26274511218071,0.28627452254295,0.27450981736183),Color3.new(0.26274511218071,0.28627452254295,0.27450981736183),Color3.new(0.26274511218071,0.28627452254295,0.27450981736183),Color3.new(0.26274511218071,0.28627452254295,0.27450981736183)},scale=0.35,id="queenslander_rubber_tree",cframe=CFrame.new(21.819580078125,32.6220703125,14.074971199036,0.97436636686325,0,0.22496700286865,0,-1.0000004768372,0,0.22496700286865,0,-0.97436678409576),no_value=true,was_free=false},["f-548"]={hash=2,colors={Color3.new(0.26274511218071,0.28627452254295,0.27450981736183)},scale=1.6,id="mound",cframe=CFrame.new(17,16.996328353882,7,1,0,0,0,1,0,0,0,1),no_value=true,was_free=false},["f-3184"]={hash=2,colors={Color3.new(0.38039216399193,0.34901961684227,0.3098039329052)},scale=0.27,id="ropes_verticalrope_v3",cframe=CFrame.new(84.931922912598,101.39543914795,198.23468017578,0.3746041059494,0,0.92718487977982,0,1,0,-0.92718487977982,0,0.3746041059494),no_value=true,was_free=false},["f-540"]={hash=2,colors={Color3.new(0.10588235408068,0.16470588743687,0.20784313976765),Color3.new(0.066666670143604,0.066666670143604,0.066666670143604),Color3.new(0.26274511218071,0.28627452254295,0.27450981736183),Color3.new(0.26274511218071,0.28627452254295,0.27450981736183),Color3.new(0.26274511218071,0.28627452254295,0.27450981736183),Color3.new(0.35686275362968,0.3647058904171,0.41176471114159)},scale=2.59,id="reclaimed_2023_planter",cframe=CFrame.new(30.5,9.139892578125,1,1,0,0,0,1,0,0,0,1),no_value=true,was_free=false},["f-3124"]={hash=2,colors={Color3.new(0.26274511218071,0.28627452254295,0.27450981736183),Color3.new(0.26274511218071,0.28627452254295,0.27450981736183),Color3.new(0.26274511218071,0.28627452254295,0.27450981736183),Color3.new(0.26274511218071,0.28627452254295,0.27450981736183),Color3.new(0.26274511218071,0.28627452254295,0.27450981736183),Color3.new(0.35686275362968,0.3647058904171,0.41176471114159)},scale=2.59,id="reclaimed_2023_planter",cframe=CFrame.new(6.3629999160767,46.575103759766,62.60844039917,1,-0,0,0,0.97436636686325,0.22496700286865,-0,-0.22496700286865,0.97436636686325),no_value=true,was_free=false},["f-1122"]={hash=2,colors={Color3.new(0.92549020051956,0.88627451658249,0.30196079611778),Color3.new(0.58431375026703,0.53725492954254,0.53333336114883),Color3.new(0.6235294342041,0.63137257099152,0.6745098233223),Color3.new(0.63921570777893,0.63529413938522,0.64705884456635),Color3.new(0.84313726425171,0.77254903316498,0.60392159223557)},scale=0.05,id="basicbed",cframe=CFrame.new(3.8999021053314,16.343505859375,-27,1,0,0,0,1,0,0,0,1),no_value=true,was_free=false},["f-2185"]={hash=2,colors={Color3.new(0.92549020051956,0.88627451658249,0.30196079611778),Color3.new(0.58431375026703,0.53725492954254,0.53333336114883),Color3.new(0.6235294342041,0.63137257099152,0.6745098233223),Color3.new(0.63921570777893,0.63529413938522,0.64705884456635),Color3.new(0.84313726425171,0.77254903316498,0.60392159223557)},scale=0.05,id="basicbed",cframe=CFrame.new(3.8999021053314,16.343505859375,-27,1,0,0,0,1,0,0,0,1),no_value=true,was_free=false},["f-1976"]={hash=2,colors={Color3.new(0.92549020051956,0.88627451658249,0.30196079611778),Color3.new(0.58431375026703,0.53725492954254,0.53333336114883),Color3.new(0.6235294342041,0.63137257099152,0.6745098233223),Color3.new(0.63921570777893,0.63529413938522,0.64705884456635),Color3.new(0.84313726425171,0.77254903316498,0.60392159223557)},scale=0.05,id="basicbed",cframe=CFrame.new(3.8999021053314,16.343505859375,-27,1,0,0,0,1,0,0,0,1),no_value=true,was_free=false},["f-332"]={hash=2,colors={Color3.new(0.92549020051956,0.88627451658249,0.30196079611778),Color3.new(0.58431375026703,0.53725492954254,0.53333336114883),Color3.new(0.6235294342041,0.63137257099152,0.6745098233223),Color3.new(0.63921570777893,0.63529413938522,0.64705884456635),Color3.new(0.84313726425171,0.77254903316498,0.60392159223557)},scale=0.05,id="basicbed",cframe=CFrame.new(3.8999021053314,16.343505859375,-27,1,0,0,0,1,0,0,0,1),no_value=true,was_free=false},["f-2418"]={hash=2,colors={Color3.new(0.92549020051956,0.88627451658249,0.30196079611778),Color3.new(0.58431375026703,0.53725492954254,0.53333336114883),Color3.new(0.6235294342041,0.63137257099152,0.6745098233223),Color3.new(0.63921570777893,0.63529413938522,0.64705884456635),Color3.new(0.84313726425171,0.77254903316498,0.60392159223557)},scale=0.05,id="basicbed",cframe=CFrame.new(3.8999021053314,16.343505859375,-27,1,0,0,0,1,0,0,0,1),no_value=true,was_free=false},["f-2332"]={hash=2,colors={Color3.new(0.38039216399193,0.34901961684227,0.3098039329052)},scale=0.37,id="ropes_verticalrope_v3",cframe=CFrame.new(51.541511535645,103.2705078125,127.1936416626,-4.124641418457e-05,0.7879935503006,0.61568355560303,-1,-4.124641418457e-05,-1.4185905456543e-05,1.4185905456543e-05,-0.61568355560303,0.7879935503006),no_value=true,was_free=false},["f-1785"]={hash=2,colors={Color3.new(0.92549020051956,0.88627451658249,0.30196079611778),Color3.new(0.58431375026703,0.53725492954254,0.53333336114883),Color3.new(0.6235294342041,0.63137257099152,0.6745098233223),Color3.new(0.63921570777893,0.63529413938522,0.64705884456635),Color3.new(0.84313726425171,0.77254903316498,0.60392159223557)},scale=0.05,id="basicbed",cframe=CFrame.new(3.8999021053314,16.343505859375,-27,1,0,0,0,1,0,0,0,1),no_value=true,was_free=false},["f-2407"]={hash=2,colors={Color3.new(0.40392157435417,0.40392157435417,0.40392157435417)},scale=0.55,id="large_island_rock",cframe=CFrame.new(-108.80928039551,69.075828552246,60.371120452881,0.074882507324219,-0.19780418276787,-0.97737717628479,0.99443328380585,0.087672472000122,0.05844584107399,0.074128270149231,-0.97631299495697,0.20326817035675),no_value=true,was_free=false},["f-1423"]={hash=2,colors={Color3.new(0.92549020051956,0.88627451658249,0.30196079611778),Color3.new(0.58431375026703,0.53725492954254,0.53333336114883),Color3.new(0.6235294342041,0.63137257099152,0.6745098233223),Color3.new(0.63921570777893,0.63529413938522,0.64705884456635),Color3.new(0.84313726425171,0.77254903316498,0.60392159223557)},scale=0.05,id="basicbed",cframe=CFrame.new(3.8999021053314,16.343505859375,-27,1,0,0,0,1,0,0,0,1),no_value=true,was_free=false},["f-946"]={hash=2,colors={Color3.new(0.92549020051956,0.88627451658249,0.30196079611778),Color3.new(0.58431375026703,0.53725492954254,0.53333336114883),Color3.new(0.6235294342041,0.63137257099152,0.6745098233223),Color3.new(0.63921570777893,0.63529413938522,0.64705884456635),Color3.new(0.84313726425171,0.77254903316498,0.60392159223557)},scale=0.05,id="basicbed",cframe=CFrame.new(3.8999021053314,16.343505859375,-27,1,0,0,0,1,0,0,0,1),no_value=true,was_free=false},["f-3123"]={hash=2,colors={Color3.new(0.92549020051956,0.88627451658249,0.30196079611778),Color3.new(0.58431375026703,0.53725492954254,0.53333336114883),Color3.new(0.6235294342041,0.63137257099152,0.6745098233223),Color3.new(0.63921570777893,0.63529413938522,0.64705884456635),Color3.new(0.84313726425171,0.77254903316498,0.60392159223557)},scale=0.05,id="basicbed",cframe=CFrame.new(3.8999021053314,16.343505859375,-27,1,0,0,0,1,0,0,0,1),no_value=true,was_free=false},["f-1702"]={hash=2,colors={Color3.new(0.92549020051956,0.88627451658249,0.30196079611778),Color3.new(0.58431375026703,0.53725492954254,0.53333336114883),Color3.new(0.6235294342041,0.63137257099152,0.6745098233223),Color3.new(0.63921570777893,0.63529413938522,0.64705884456635),Color3.new(0.84313726425171,0.77254903316498,0.60392159223557)},scale=0.05,id="basicbed",cframe=CFrame.new(3.8999021053314,16.343505859375,-27,1,0,0,0,1,0,0,0,1),no_value=true,was_free=false},["f-3096"]={hash=2,colors={Color3.new(0.92549020051956,0.88627451658249,0.30196079611778),Color3.new(0.58431375026703,0.53725492954254,0.53333336114883),Color3.new(0.6235294342041,0.63137257099152,0.6745098233223),Color3.new(0.63921570777893,0.63529413938522,0.64705884456635),Color3.new(0.84313726425171,0.77254903316498,0.60392159223557)},scale=0.05,id="basicbed",cframe=CFrame.new(3.8999021053314,16.343505859375,-27,1,0,0,0,1,0,0,0,1),no_value=true,was_free=false},["f-438"]={hash=2,colors={Color3.new(0.92549020051956,0.88627451658249,0.30196079611778),Color3.new(0.58431375026703,0.53725492954254,0.53333336114883),Color3.new(0.6235294342041,0.63137257099152,0.6745098233223),Color3.new(0.63921570777893,0.63529413938522,0.64705884456635),Color3.new(0.84313726425171,0.77254903316498,0.60392159223557)},scale=0.05,id="basicbed",cframe=CFrame.new(3.8999021053314,16.343505859375,-27,1,0,0,0,1,0,0,0,1),no_value=true,was_free=false},["f-429"]={hash=2,colors={Color3.new(0.92549020051956,0.88627451658249,0.30196079611778),Color3.new(0.58431375026703,0.53725492954254,0.53333336114883),Color3.new(0.6235294342041,0.63137257099152,0.6745098233223),Color3.new(0.63921570777893,0.63529413938522,0.64705884456635),Color3.new(0.84313726425171,0.77254903316498,0.60392159223557)},scale=0.05,id="basicbed",cframe=CFrame.new(3.8999021053314,16.343505859375,-27,1,0,0,0,1,0,0,0,1),no_value=true,was_free=false},["f-1801"]={hash=2,colors={Color3.new(0.92549020051956,0.88627451658249,0.30196079611778),Color3.new(0.58431375026703,0.53725492954254,0.53333336114883),Color3.new(0.6235294342041,0.63137257099152,0.6745098233223),Color3.new(0.63921570777893,0.63529413938522,0.64705884456635),Color3.new(0.84313726425171,0.77254903316498,0.60392159223557)},scale=0.05,id="basicbed",cframe=CFrame.new(3.8999021053314,16.343505859375,-27,1,0,0,0,1,0,0,0,1),no_value=true,was_free=false},["f-467"]={hash=2,colors={Color3.new(0.35294118523598,0.35294118523598,0.35294118523598)},scale=1.46,id="large_island_rock",cframe=CFrame.new(66.237373352051,77.867202758789,94.098114013672,-0.49950790405273,-0.39808768033981,-0.76942706108093,0.85806971788406,-0.1051459312439,-0.5026535987854,0.11919808387756,-0.91130149364471,0.39410829544067),no_value=true,was_free=false},["f-1280"]={hash=2,colors={Color3.new(0.26274511218071,0.28627452254295,0.27450981736183),Color3.new(0.29803922772408,0.27843138575554,0.26274511218071)},scale=0.56,id="biodome_2022_large_tree",cframe=CFrame.new(45.537109375,82.128173828125,85.834045410156,-0.258864402771,-0,-0.96591371297836,0,-1,0,-0.96591371297836,0,0.25886434316635),no_value=true,was_free=false},["f-2037"]={hash=2,colors={Color3.new(0.92549020051956,0.88627451658249,0.30196079611778),Color3.new(0.58431375026703,0.53725492954254,0.53333336114883),Color3.new(0.6235294342041,0.63137257099152,0.6745098233223),Color3.new(0.63921570777893,0.63529413938522,0.64705884456635),Color3.new(0.84313726425171,0.77254903316498,0.60392159223557)},scale=0.05,id="basicbed",cframe=CFrame.new(3.8999021053314,16.343505859375,-27,1,0,0,0,1,0,0,0,1),no_value=true,was_free=false},["f-2861"]={hash=2,colors={Color3.new(0.26274511218071,0.28627452254295,0.27450981736183),Color3.new(0.26274511218071,0.28627452254295,0.27450981736183),Color3.new(0.54117649793625,0.40000000596046,0.30588236451149)},scale=1,id="medium_island_tree",cframe=CFrame.new(23.579902648926,-0.99365198612213,-11.71875,1,0,0,0,1,0,0,0,1),no_value=true,was_free=false},["f-1491"]={hash=2,colors={Color3.new(0.92549020051956,0.88627451658249,0.30196079611778),Color3.new(0.58431375026703,0.53725492954254,0.53333336114883),Color3.new(0.6235294342041,0.63137257099152,0.6745098233223),Color3.new(0.63921570777893,0.63529413938522,0.64705884456635),Color3.new(0.84313726425171,0.77254903316498,0.60392159223557)},scale=0.05,id="basicbed",cframe=CFrame.new(3.8999021053314,16.343505859375,-27,1,0,0,0,1,0,0,0,1),no_value=true,was_free=false},["f-1592"]={hash=2,colors={Color3.new(0.419607847929,0.37647059559822,0.32549020648003)},scale=0.16,id="beam_v1_plain",cframe=CFrame.new(51.338890075684,103.8994140625,126.48635864258,-4.124641418457e-05,0.6155903339386,-0.7880665063858,-1.0000001192093,-9.4771385192871e-05,-2.172589302063e-05,-8.7946653366089e-05,0.7880665063858,0.61559015512466),no_value=true,was_free=false},["f-152"]={hash=2,colors={Color3.new(0.92549020051956,0.88627451658249,0.30196079611778),Color3.new(0.58431375026703,0.53725492954254,0.53333336114883),Color3.new(0.6235294342041,0.63137257099152,0.6745098233223),Color3.new(0.63921570777893,0.63529413938522,0.64705884456635),Color3.new(0.84313726425171,0.77254903316498,0.60392159223557)},scale=0.05,id="basicbed",cframe=CFrame.new(3.8999021053314,16.343505859375,-27,1,0,0,0,1,0,0,0,1),no_value=true,was_free=false},["f-2128"]={hash=2,colors={Color3.new(0.419607847929,0.37647059559822,0.32549020648003)},scale=0.18,id="beam_v1_plain",cframe=CFrame.new(53.360645294189,92.35888671875,115.3286895752,-1.8715858459473e-05,0.9205167889595,0.39070305228233,-1,-1.8715858459473e-05,-3.814697265625e-06,3.814697265625e-06,-0.39070305228233,0.9205167889595),no_value=true,was_free=false},["f-1876"]={hash=2,colors={Color3.new(0.29803922772408,0.28627452254295,0.26274511218071),Color3.new(0.36078432202339,0.33725491166115,0.3098039329052)},scale=0.55,id="wood_rail",cframe=CFrame.new(-22.858837127686,51.666553497314,53.470729827881,0.53010600805283,-0.70167821645737,0.47606235742569,0.76629441976547,0.6368008852005,0.08530817180872,-0.36301583051682,0.31958156824112,0.87526404857635),no_value=true,was_free=false},["f-3161"]={hash=2,colors={Color3.new(0.43137255311012,0.43137255311012,0.43137255311012)},scale=1.71,id="column_v3_stone",cframe=CFrame.new(73.599609375,98.41015625,118.40000152588,0.66918021440506,0,0.7431001663208,0,1,0,-0.7431001663208,0,0.66918021440506),no_value=true,was_free=false},["f-515"]={hash=2,colors={Color3.new(0.92549020051956,0.88627451658249,0.30196079611778),Color3.new(0.58431375026703,0.53725492954254,0.53333336114883),Color3.new(0.6235294342041,0.63137257099152,0.6745098233223),Color3.new(0.63921570777893,0.63529413938522,0.64705884456635),Color3.new(0.84313726425171,0.77254903316498,0.60392159223557)},scale=0.05,id="basicbed",cframe=CFrame.new(3.8999021053314,16.343505859375,-27,1,0,0,0,1,0,0,0,1),no_value=true,was_free=false},["f-2548"]={hash=2,colors={Color3.new(0.92549020051956,0.88627451658249,0.30196079611778),Color3.new(0.58431375026703,0.53725492954254,0.53333336114883),Color3.new(0.6235294342041,0.63137257099152,0.6745098233223),Color3.new(0.63921570777893,0.63529413938522,0.64705884456635),Color3.new(0.84313726425171,0.77254903316498,0.60392159223557)},scale=0.05,id="basicbed",cframe=CFrame.new(3.8999021053314,16.343505859375,-27,1,0,0,0,1,0,0,0,1),no_value=true,was_free=false},["f-2508"]={hash=2,colors={Color3.new(0.92549020051956,0.88627451658249,0.30196079611778),Color3.new(0.58431375026703,0.53725492954254,0.53333336114883),Color3.new(0.6235294342041,0.63137257099152,0.6745098233223),Color3.new(0.63921570777893,0.63529413938522,0.64705884456635),Color3.new(0.84313726425171,0.77254903316498,0.60392159223557)},scale=0.05,id="basicbed",cframe=CFrame.new(3.8999021053314,16.343505859375,-27,1,0,0,0,1,0,0,0,1),no_value=true,was_free=false},["f-2419"]={hash=2,colors={Color3.new(0.65098041296005,0.64313727617264,0.58431375026703),Color3.new(0.70196080207825,0.69019609689713,0.63137257099152)},scale=0.31,id="poshrug",cframe=CFrame.new(103.25937652588,113.99028778076,195.79609680176,-1.0967254638672e-05,0.12182143330574,0.9925519824028,-1,-1.0967254638672e-05,-9.7155570983887e-06,9.7155570983887e-06,-0.9925519824028,0.12182146310806),no_value=true,was_free=false},["f-59"]={hash=2,colors={Color3.new(0.32941177487373,0.34509804844856,0.38431373238564),Color3.new(0.32941177487373,0.34509804844856,0.38431373238564)},scale=0.31,id="racehouse_2023_tire_wall_long",cframe=CFrame.new(102.22524261475,119.57919311523,198.96115112305,-0.18442261219025,-0.26102811098099,0.94755101203918,0.75216978788376,-0.65804576873779,-0.03488090634346,0.63263666629791,0.7062863111496,0.31769573688507),no_value=true,was_free=false},["f-19"]={hash=2,colors={Color3.new(0.32941177487373,0.34509804844856,0.38431373238564),Color3.new(0.32941177487373,0.34509804844856,0.38431373238564)},scale=0.23,id="racehouse_2023_tire_wall_long",cframe=CFrame.new(48.873653411865,107.49169921875,128.74142456055,-0.17128014564514,-0.35119438171387,-0.92050302028656,0.89877247810364,-0.43841552734375,2.9563903808594e-05,-0.40357306599617,-0.82731765508652,0.3907356262207),no_value=true,was_free=false},["f-99"]={hash=2,colors={Color3.new(0.419607847929,0.37647059559822,0.32549020648003)},scale=0.16,id="beam_v1_plain",cframe=CFrame.new(90.814491271973,100.14028167725,198.22801208496,0.3746041059494,0,0.92718487977982,0,1,0,-0.92718487977982,0,0.3746041059494),no_value=true,was_free=false},["f-3136"]={hash=2,colors={Color3.new(0.44313725829124,0.44313725829124,0.44313725829124)},scale=0.16,id="basicrug",cframe=CFrame.new(15.871026039124,33.026859283447,12.049003601074,-8.1062316894531e-06,0.64276230335236,0.76606559753418,-1,-8.1062316894531e-06,-3.7848949432373e-06,3.7848949432373e-06,-0.76606559753418,0.64276230335236),no_v