return {house_pos=Vector3.new(-6000,4000,0),furniture={["f-1651"]={hash=2,colors={Color3.new(1,1,1)},scale=0.25,id="woodbowl",cframe=CFrame.new(-11.531001091003,15.929406166077,-26.965812683105,0.82085263729095,0.27325975894928,0.50152772665024,0.38192242383957,0.39028495550156,-0.83774274587631,-0.4246601164341,0.8792080283165,0.21600240468979),no_value=true,was_free=false},["f-3761"]={hash=2,colors={Color3.new(0.27058824896812,0.24705882370472,0.24705882370472)},scale=0.35,id="wall_double_wood",cframe=CFrame.new(49.448726654053,28.301908493042,-50.521919250488,-0.70692002773285,-0.70729333162308,0.00022014975547791,-0.0001181960105896,-0.00019311904907227,-0.99999994039536,0.70729339122772,-0.70692008733749,5.2928924560547e-05),no_value=true,was_free=false},["f-3074"]={hash=2,colors={Color3.new(1,1,1)},scale=0.15,id="sphere_v3_plain",cframe=CFrame.new(36.867149353027,21.109344482422,-54.53466796875,0.76576596498489,0,0.64311945438385,0,1,0,-0.64311945438385,0,0.76576596498489),no_value=true,was_free=false},["f-625"]={hash=2,colors={Color3.new(0,0,0)},scale=0.35,id="door_cutout_rounded_large_plain",cframe=CFrame.new(38.993522644043,21.853969573975,-64.391334533691,0.70680999755859,-0.18310722708702,0.68329459428787,3.7252902984619e-08,0.96591913700104,0.25884407758713,-0.70740348100662,-0.18295356631279,0.68272125720978),no_value=true,was_free=false},["f-1879"]={hash=2,colors={Color3.new(0.48235294222832,0.53725492954254,0.43137255311012),Color3.new(0.48235294222832,0.53725492954254,0.43137255311012),Color3.new(0.48235294222832,0.53725492954254,0.43137255311012),Color3.new(0.48235294222832,0.53725492954254,0.43137255311012),Color3.new(0.35294118523598,0.29803922772408,0.258823543787),Color3.new(0.35686275362968,0.3647058904171,0.41176471114159)},scale=2.2,id="reclaimed_2023_planter",cframe=CFrame.new(-14.416667938232,10.892651557922,-5.8658981323242,0.58681344985962,0.59174406528473,0.55271053314209,-0.38929921388626,0.80470460653305,-0.44821497797966,-0.70999729633331,0.047848790884018,0.70257693529129),no_value=true,was_free=false},["f-3666"]={hash=2,colors={Color3.new(0,0,0)},scale=0.23,id="ropes_verticalstring_v1",cframe=CFrame.new(-2.230406999588,17.000686645508,-14.464930534363,-0.44103169441223,0.16058152914047,-0.88300895690918,0.34204185009003,0.9396847486496,5.0678849220276e-05,0.82975816726685,-0.30200362205505,-0.46935641765594),no_value=true,was_free=false},["f-760"]={hash=2,colors={Color3.new(0.27058824896812,0.24705882370472,0.24705882370472)},scale=0.23,id="beam_v1_brick",cframe=CFrame.new(33.192539215088,19.77006149292,-53.923267364502,0.75499713420868,-0.64831399917603,0.09832701086998,0.0097191631793976,-0.13887047767639,-0.9902628660202,0.65565598011017,0.7486013174057,-0.098545670509338),no_value=true,was_free=false},["f-2602"]={hash=2,colors={Color3.new(0.5137255191803,0.3647058904171,0.41568627953529),Color3.new(0.85882353782654,0.58039218187332,0.39215686917305)},scale=0.7,id="stubby_pumpkin",cframe=CFrame.new(38.528347015381,13.96376991272,-9.625880241394,-0.59275031089783,0,-0.80538672208786,0,1,0,0.80538672208786,0,-0.59275031089783),no_value=true,was_free=false},["f-898"]={hash=2,colors={Color3.new(0.95294117927551,0.95294117927551,0.95294117927551)},scale=0.05,id="sphere_v1_plain",cframe=CFrame.new(-10.908203125,16.668701171875,-35.813999176025,-1,0,0,0,1,0,0,0,-1),no_value=true,was_free=false},["f-140"]={hash=2,colors={Color3.new(0.64705884456635,0.64705884456635,0.64705884456635),Color3.new(0.63921570777893,0.63921570777893,0.63921570777893)},scale=0.91,id="racehouse_2023_tire_wall_long",cframe=CFrame.new(43.577686309814,38.409713745117,-50.227527618408,-0.50003242492676,0.71273106336594,0.49191683530807,-0.70759707689285,-0.0087717771530151,-0.70656168460846,-0.49927347898483,-0.70138263702393,0.50871253013611),no_value=true,was_free=false},["f-3564"]={hash=2,colors={Color3.new(0.90980392694473,0.8941176533699,0.79607844352722)},scale=0.18,id="sphere_v3_plain",cframe=CFrame.new(17.481454849243,13.252928733826,6.4927849769592,0.86631989479065,0.00012802166747861,-0.49948957562447,-3.8752816180931e-05,1,0.00018909169011749,0.49948957562447,-0.00014445726992562,0.86631989479065),no_value=true,was_free=false},["f-3970"]={hash=2,colors={Color3.new(0.27058824896812,0.24705882370472,0.24705882370472)},scale=0.28,id="beam_v1_brick",cframe=CFrame.new(37.056602478027,26.359161376953,-50.164070129395,4.9352645874023e-05,-0.70790070295334,-0.7063120007515,1,4.9352645874023e-05,2.0444393157959e-05,2.0444393157959e-05,-0.7063120007515,0.70790064334869),no_value=true,was_free=false},["f-1531"]={hash=2,colors={Color3.new(0.4745098054409,0.4745098054409,0.4745098054409)},scale=0.09,id="door_cutout_plain",cframe=CFrame.new(44.831325531006,21.534679412842,-48.767639160156,-0.69114708900452,-0.072651326656342,0.71905332803726,-0.10463386774063,0.9945108294487,-9.0185552835464e-05,-0.71509975194931,-0.075299665331841,-0.69495499134064),no_value=true,was_free=false},["f-3453"]={hash=2,colors={Color3.new(0.27058824896812,0.24705882370472,0.24705882370472)},scale=0.22,id="beam_v1_brick",cframe=CFrame.new(27.695943832397,16.987169265747,-48.203125,0.70792651176453,-0,-0.70628607273102,0,1,-0,0.70628607273102,0,0.70792651176453),no_value=true,was_free=false},["f-2079"]={hash=2,colors={Color3.new(0.48235294222832,0.53725492954254,0.43137255311012)},scale=1.4,id="plainmound_v3",cframe=CFrame.new(-13.599609375,12.989501953125,12.89990234375,0.86605191230774,-0,-0.49995413422585,0,1,-0,0.49995413422585,0,0.86605191230774),no_value=true,was_free=false},["f-3027"]={hash=2,colors={Color3.new(0.48235294222832,0.53725492954254,0.43137255311012)},scale=0.46,id="ropes_horizontalstring_v1",cframe=CFrame.new(-11.336203575134,15.553100585938,-25.790235519409,0.86599016189575,0.42862173914909,-0.25757426023483,2.0772218704224e-05,0.51505470275879,0.85715734958649,0.50006109476089,-0.74229514598846,0.44602340459824),no_value=true,was_free=false},["f-2060"]={hash=2,colors={Color3.new(0.48235294222832,0.53725492954254,0.43137255311012)},scale=2.14,id="sphere_v3_plain",cframe=CFrame.new(3.6213579177856,6.642333984375,-44.318660736084,0.86605191230774,-0,-0.49995413422585,0,1,-0,0.49995413422585,0,0.86605191230774),no_value=true,was_free=false},["f-668"]={hash=2,colors={Color3.new(0.27058824896812,0.24705882370472,0.24705882370472)},scale=0.22,id="beam_v1_brick",cframe=CFrame.new(32.610256195068,15.52351474762,-31.921422958374,0.85256308317184,-0.2606093287468,-0.45301100611687,0.2923446893692,0.95631301403046,4.0128827095032e-05,0.43320986628532,-0.13246957957745,0.89150494337082),no_value=true,was_free=false},["f-2783"]={hash=2,colors={Color3.new(0.52549022436142,0.39215686917305,0.58823531866074)},scale=0.17,id="sphere_v3_plain",cframe=CFrame.new(-6.970703125,18.75742149353,-10.9814453125,0.86605191230774,-0,-0.49995413422585,0,1,-0,0.49995413422585,0,0.86605191230774),no_value=true,was_free=false},["f-2895"]={hash=2,colors={Color3.new(0.29411765933037,0.28235295414925,0.28235295414925),Color3.new(0.27843138575554,0.17647059261799,0.22745098173618)},scale=2.22,id="scary_2021_squat_potion_mushroom",cframe=CFrame.new(-7.6631970405579,11.814697265625,-10.791511535645,-0.25896978378296,0,-0.96588575839996,0,1,0,0.96588575839996,0,-0.25896978378296),no_value=true,was_free=false},["f-3226"]={hash=2,colors={Color3.new(1,0.69019609689713,0)},scale=0.13,id="sphere_v3_plain",cframe=CFrame.new(23.144565582275,17.637475967407,-4.1058177947998,0.86618596315384,-6.1055849073455e-05,-0.49972182512283,0.00010571263555903,1,6.1055849073455e-05,0.49972182512283,-0.00010571263555903,0.86618596315384),no_value=true,was_free=false},["f-2917"]={hash=2,colors={Color3.new(0.8901960849762,0.8901960849762,0.81176471710205)},scale=0.3,id="biodome_2022_four_leaf",cframe=CFrame.new(28.000421524048,21.9345703125,3.0009770393372,1,0,0,0,-1,0,0,0,-1),no_value=true,was_free=false},["f-3055"]={hash=2,colors={Color3.new(0.64705884456635,0.64705884456635,0.64705884456635),Color3.new(0.63921570777893,0.63921570777893,0.63921570777893)},scale=0.36,id="racehouse_2023_tire_wall_long",cframe=CFrame.new(39.547443389893,27.667747497559,-50.94953918457,0.18907606601715,0.69193714857101,-0.69675904512405,-0.9659144282341,0.0032979249954224,-0.25884038209915,-0.1768034696579,0.72195017337799,0.66897571086884),no_value=true,was_free=false},["f-1540"]={hash=2,colors={Color3.new(1,1,1)},scale=0.24,id="sphere_v3_plain",cframe=CFrame.new(41.504936218262,14.342529296875,-15.23082447052,0.8660072684288,0,0.5000314116478,0,1,0,-0.5000314116478,0,0.8660072684288),no_value=true,was_free=false},["f-1077"]={hash=2,colors={Color3.new(0.29411765933037,0.28235295414925,0.28235295414925)},scale=0.08,id="meme_2023_padded_cylinder",cframe=CFrame.new(-4.1220197677612,16.268478393555,-13.425517082214,0.10236066579819,-0.78195041418076,0.61487877368927,0.89413529634476,0.34321421384811,0.28762128949165,-0.43594074249268,0.52034372091293,0.73430109024048),no_value=true,was_free=false},["f-1044"]={hash=2,colors={Color3.new(0.48235294222832,0.53725492954254,0.43137255311012)},scale=0.25,id="biodome_2022_four_leaf",cframe=CFrame.new(31.199951171875,13.287841796875,-19.2001953125,0.96595215797424,0,0.25872072577477,0,1,0,-0.25872072577477,0,0.96595215797424),no_value=true,was_free=false},["f-159"]={hash=2,colors={Color3.new(1,1,1)},scale=0.09,id="sphere_v1_plain",cframe=CFrame.new(44.040035247803,19.33807182312,-48.897468566895,0.76606124639511,-0.00027287247939967,0.64276760816574,0.0002138268755516,0.99999994039536,0.00016968497948255,-0.64276760816574,7.4518611654639e-06,0.76606124639511),no_value=true,was_free=false},["f-1189"]={hash=2,colors={Color3.new(0.48235294222832,0.53725492954254,0.43137255311012)},scale=0.42,id="biodome_2022_small_bush",cframe=CFrame.new(55.187381744385,13.13623046875,-8.8710470199585,0.62436413764954,-0,-0.78113347291946,0,1,-0,0.78113347291946,0,0.62436413764954),no_value=true,was_free=false},["f-1297"]={hash=2,colors={Color3.new(0.27058824896812,0.24705882370472,0.24705882370472)},scale=0.3,id="wall_double_wood",cframe=CFrame.new(55.549045562744,25.402801513672,-56.834777832031,5.2928924560547e-05,-0.70677983760834,-0.70743346214294,-1,-5.2928924560547e-05,-2.1964311599731e-05,-2.1964311599731e-05,0.70743346214294,-0.70677995681763),no_value=true,was_free=false},["f-2076"]={hash=2,colors={Color3.new(0.27058824896812,0.24705882370472,0.24705882370472)},scale=0.41,id="floor_half1_wood",cframe=CFrame.new(41.924217224121,34.801315307617,-54.959011077881,0.70724713802338,-0.70696634054184,0.00025087594985962,0.00020027160644531,-0.00015449523925781,-1,0.70696634054184,0.70724713802338,3.2365322113037e-05),no_value=true,was_free=false},["f-899"]={hash=2,colors={Color3.new(0.48235294222832,0.53725492954254,0.43137255311012),Color3.new(0.48235294222832,0.53725492954254,0.43137255311012),Color3.new(0.48235294222832,0.53725492954254,0.43137255311012),Color3.new(0.48235294222832,0.53725492954254,0.43137255311012),Color3.new(0.48235294222832,0.53725492954254,0.43137255311012)},scale=1.08,id="queenslander_rubber_tree",cframe=CFrame.new(-13.95796585083,30.677398681641,-17.158208847046,0.86589032411575,-0.0071704778820276,0.5001825094223,-0.0071704778820276,-0.99997246265411,-0.0019221639959142,0.5001825094223,-0.0019221639959142,-0.86591792106628),no_value=true,was_free=false},["f-3146"]={hash=2,colors={Color3.new(0.48235294222832,0.53725492954254,0.43137255311012),Color3.new(0.33725491166115,0.258823543787,0.21176470816135),Color3.new(0.42352941632271,0.34509804844856,0.29411765933037),Color3.new(0.48627451062202,0.36078432202339,0.27450981736183)},scale=2.04,id="smallstylishtree",cframe=CFrame.new(36.259895324707,5.5012211799622,-33.5348777771,-0.52223670482635,0,0.85280066728592,0,1,0,-0.85280066728592,0,-0.52223670482635),no_value=true,was_free=false},["f-3851"]={hash=2,colors={Color3.new(0.48235294222832,0.53725492954254,0.43137255311012),Color3.new(0.33725491166115,0.258823543787,0.21176470816135),Color3.new(0.42352941632271,0.34509804844856,0.29411765933037),Color3.new(0.48627451062202,0.36078432202339,0.27450981736183)},scale=9.06,id="largesquaretree",cframe=CFrame.new(6.3687281608582,-9.017333984375,-61.206001281738,0.94385331869125,-0,-0.33036485314369,0,1,-0,0.33036485314369,0,0.94385331869125),no_value=true,was_free=false},["f-2972"]={hash=2,colors={Color3.new(0.27058824896812,0.24705882370472,0.24705882370472)},scale=0.28,id="beam_v1_brick",cframe=CFrame.new(51.171524047852,22.626459121704,-42.840698242188,-0.70792531967163,-0.7061802148819,0.012304455041885,-8.4340572357178e-06,0.017429769039154,0.99984812736511,-0.7062873840332,0.70781755447388,-0.01234495639801),no_value=true,was_free=false},["f-3308"]={hash=2,colors={Color3.new(1,0.79215687513351,0.54509806632996),Color3.new(0.6235294342041,0.63137257099152,0.6745098233223)},scale=0.55,id="circulartable",cframe=CFrame.new(42.45320892334,24.049104690552,-54.574954986572,0.00019901990890503,-0.76573669910431,0.64315414428711,0.99999988079071,-5.1617622375488e-05,-0.00037094950675964,0.0003172755241394,0.64315414428711,0.76573663949966),no_value=true,was_free=false},["f-2365"]={hash=2,colors={Color3.new(0.35686275362968,0.3647058904171,0.41176471114159)},scale=3.19,id="biodome_2022_large_rock",cframe=CFrame.new(64.446380615234,21.217544555664,14.354145050049,3.4093856811523e-05,0.86600857973099,-0.50002932548523,-1.0000001192093,0.00012892484664917,0.0001550018787384,0.00019873678684235,0.50002932548523,0.8660084605217),no_value=true,was_free=false},["f-787"]={hash=2,colors={Color3.new(0,0,0)},scale=0.52,id="ropes_verticalstring_v2",cframe=CFrame.new(43.063751220703,31.364835739136,-54.269596099854,0.70123827457428,-0.71292698383331,0.00013649463653564,0.00031393766403198,0.00011730194091797,-1,0.71292692422867,0.70123827457428,0.00030601024627686),no_value=true,was_free=false},["f-3088"]={hash=2,colors={Color3.new(0.48235294222832,0.53725492954254,0.43137255311012),Color3.new(0.48235294222832,0.53725492954254,0.43137255311012),Color3.new(0.48235294222832,0.53725492954254,0.43137255311012),Color3.new(0.48235294222832,0.53725492954254,0.43137255311012),Color3.new(0.35294118523598,0.29803922772408,0.258823543787),Color3.new(0.35686275362968,0.3647058904171,0.41176471114159)},scale=1.3,id="reclaimed_2023_planter",cframe=CFrame.new(36.147579193115,22.093761444092,-37.399005889893,-0.49825954437256,-0.084139585494995,0.86293578147888,0.86601102352142,-0.00010395050048828,0.50002503395081,-0.041982233524323,0.99645400047302,0.072917580604553),no_value=true,was_free=false},["f-2764"]={hash=2,colors={Color3.new(0.27058824896812,0.24705882370472,0.24705882370472)},scale=0.23,id="beam_v1_brick",cframe=CFrame.new(36.153938293457,19.201665878296,-38.356090545654,0.76675522327423,-0.64146745204926,0.024615228176117,0.0030328631401062,-0.034724831581116,-0.99939227104187,0.6419323682785,0.76636397838593,-0.024679899215698),no_value=true,was_free=false},["f-1859"]={hash=2,no_value=true,colors={Color3.new(1,1,1),Color3.new(0.10588235408068,0.16470588743687,0.20784313976765),Color3.new(0.79215687513351,0.79607844352722,0.81960785388947)},on=true,scale=0.65,cframe=CFrame.new(35.784526824951,20.293487548828,-54.400459289551,0.76573669910431,0.64315414428711,2.6851892471313e-05,-2.6851892471313e-05,7.3730945587158e-05,-1,-0.64315414428711,0.76573669910431,7.3730945587158e-05),was_free=false,id="fogmachine"},["f-3026"]={hash=2,colors={Color3.new(0.48235294222832,0.53725492954254,0.43137255311012),Color3.new(0.48235294222832,0.53725492954254,0.43137255311012),Color3.new(0.48235294222832,0.53725492954254,0.43137255311012),Color3.new(0.48235294222832,0.53725492954254,0.43137255311012),Color3.new(0.35294118523598,0.29803922772408,0.258823543787),Color3.new(0.35686275362968,0.3647058904171,0.41176471114159)},scale=1.57,id="reclaimed_2023_planter",cframe=CFrame.new(-13.332308769226,12.828074455261,8.9459199905396,-0.9531192779541,0.27631106972694,-0.12335263192654,0.29935786128044,0.92048710584641,-0.2511739730835,0.044142350554466,-0.27632534503937,-0.96004986763),no_value=true,was_free=false},["f-607"]={hash=2,colors={Color3.new(0.48235294222832,0.53725492954254,0.43137255311012),Color3.new(0.48235294222832,0.53725492954254,0.43137255311012),Color3.new(0.48235294222832,0.53725492954254,0.43137255311012),Color3.new(0.48235294222832,0.53725492954254,0.43137255311012),Color3.new(0.35294118523598,0.29803922772408,0.258823543787),Color3.new(0.35686275362968,0.3647058904171,0.41176471114159)},scale=1.93,id="reclaimed_2023_planter",cframe=CFrame.new(42.39990234375,7.7931637763977,-25.60009765625,0.6097087264061,-0,-0.79262554645538,0,1,-0,0.79262554645538,0,0.6097087264061),no_value=true,was_free=false},["f-2260"]={hash=2,colors={Color3.new(0.34509804844856,0.25098040699959,0.19607843458652)},scale=1,id="sandmound_v2",cframe=CFrame.new(38.800048828125,9.9285640716553,-22.39990234375,0.70713424682617,0,0.70707929134369,0,1,0,-0.70707929134369,0,0.70713424682617),no_value=true,was_free=false},["f-548"]={hash=2,colors={Color3.new(1,1,1)},scale=0.41,id="woodbowl",cframe=CFrame.new(-11.690431594849,15.457312583923,-26.707651138306,0.46826738119125,0.29303956031799,0.83357870578766,-0.20238898694515,0.95389378070831,-0.22164246439934,-0.86009550094604,-0.064919233322144,0.50598531961441),no_value=true,was_free=false},["f-3341"]={hash=2,colors={Color3.new(0.64705884456635,0.64705884456635,0.64705884456635),Color3.new(0.63921570777893,0.63921570777893,0.63921570777893)},scale=0.36,id="racehouse_2023_tire_wall_long",cframe=CFrame.new(41.069347381592,27.674945831299,-49.361320495605,0.18907606601715,0.69193714857101,-0.69675904512405,-0.9659144282341,0.0032979249954224,-0.25884038209915,-0.1768034696579,0.72195017337799,0.66897571086884),no_value=true,was_free=false},["f-1036"]={hash=2,colors={Color3.new(0.48235294222832,0.53725492954254,0.43137255311012),Color3.new(0.48235294222832,0.53725492954254,0.43137255311012),Color3.new(0.48235294222832,0.53725492954254,0.43137255311012),Color3.new(0.48235294222832,0.53725492954254,0.43137255311012),Color3.new(0.35294118523598,0.29803922772408,0.258823543787),Color3.new(0.35686275362968,0.3647058904171,0.41176471114159)},scale=1.13,id="reclaimed_2023_planter",cframe=CFrame.new(38.926551818848,11.77675819397,-26.950529098511,0.41275095939636,-0.22823864221573,-0.88178443908691,-0.08575227111578,0.95405894517899,-0.28708544373512,0.90679836273193,0.19410979747772,0.37421673536301),no_value=true,was_free=false},["f-1172"]={hash=2,colors={Color3.new(0.28235295414925,0.22352941334248,0.21176470816135),Color3.new(0.37254902720451,0.28627452254295,0.2549019753933)},scale=1,id="reclaimed_2023_pallet",cframe=CFrame.new(36.923862457275,17.087034225464,-48.365852355957,0.8386812210083,0.075862795114517,-0.53931313753128,-0.15929736196995,0.98111540079117,-0.1097127944231,0.52080529928207,0.17792521417141,0.8349277973175),no_value=true,was_free=false},["f-1934"]={hash=2,colors={Color3.new(0.42352941632271,0.44313725829124,0.40784314274788)},scale=0.25,id="round_wall_v3_plain",cframe=CFrame.new(19.490303039551,13.557214736938,-6.80140209198,-0.89334058761597,-0.44657915830612,0.050095736980438,0.019467487931252,0.072913825511932,0.99714821577072,-0.44895830750465,0.89176827669144,-0.056443095207214),no_value=true,was_free=false},["f-886"]={hash=2,colors={Color3.new(0.48235294222832,0.53725492954254,0.43137255311012),Color3.new(0.33725491166115,0.258823543787,0.21176470816135),Color3.new(0.42352941632271,0.34509804844856,0.29411765933037),Color3.new(0.48627451062202,0.36078432202339,0.27450981736183)},scale=0.7,id="smallstylishtree",cframe=CFrame.new(43.67374420166,19.2529296875,-52.045963287354,0.76588416099548,0,0.64297866821289,0,1,0,-0.64297866821289,0,0.76588416099548),no_value=true,was_free=false},["f-3265"]={hash=2,colors={Color3.new(0.27058824896812,0.24705882370472,0.24705882370472)},scale=0.3,id="wall_double_wood",cframe=CFrame.new(34.784996032715,19.552618026733,-52.926551818848,-0.7074339389801,0.70677947998047,-1.7255544662476e-05,-1.7255544662476e-05,-4.1723251342773e-05,-1,-0.70677947998047,-0.70743399858475,4.1723251342773e-05),no_value=true,was_free=false},["f-1028"]={hash=2,colors={Color3.new(0.29411765933037,0.28235295414925,0.28235295414925)},scale=0.11,id="sphere_v3_plain",cframe=CFrame.new(-2.8970620632172,15.51025390625,-13.444563865662,0.86605191230774,-0,-0.49995413422585,0,1,-0,0.49995413422585,0,0.86605191230774),no_value=true,was_free=false},["f-3384"]={hash=2,colors={Color3.new(0.29411765933037,0.28235295414925,0.28235295414925)},scale=0.11,id="sphere_v3_plain",cframe=CFrame.new(-2.4290039539337,15.29736328125,-14.222701072693,0.86605191230774,-0,-0.49995413422585,0,1,-0,0.49995413422585,0,0.86605191230774),no_value=true,was_free=false},["f-1266"]={hash=2,colors={Color3.new(0,0,0)},scale=0.05,id="brick",cframe=CFrame.new(41.713687896729,22.856901168823,-44.71061706543,0.51945781707764,0.83843863010406,-0.16487655043602,-0.050850689411163,-0.16227805614471,-0.98543393611908,-0.8529816865921,0.52027547359467,-0.041661500930786),no_value=true,was_free=false},["f-1275"]={hash=2,colors={Color3.new(0.48235294222832,0.53725492954254,0.43137255311012),Color3.new(0.48235294222832,0.53725492954254,0.43137255311012),Color3.new(0.48235294222832,0.53725492954254,0.43137255311012),Color3.new(0.48235294222832,0.53725492954254,0.43137255311012),Color3.new(0.35294118523598,0.29803922772408,0.258823543787),Color3.new(0.35686275362968,0.3647058904171,0.41176471114159)},scale=1.41,id="reclaimed_2023_planter",cframe=CFrame.new(-1.7993010282516,9.5153045654297,-28.500337600708,-0.65513145923615,0,0.7555148601532,0,1,0,-0.7555148601532,0,-0.65513145923615),no_value=true,was_free=false},["f-1292"]={hash=2,colors={Color3.new(0.48235294222832,0.53725492954254,0.43137255311012)},scale=0.6,id="biodome_2022_small_bush",cframe=CFrame.new(58.39990234375,11.32851600647,-13.60009765625,0.49995946884155,-0,-0.86604881286621,0,1,-0,0.86604881286621,0,0.49995946884155),no_value=true,was_free=false},["f-1885"]={hash=2,colors={Color3.new(0.48235294222832,0.53725492954254,0.43137255311012),Color3.new(0.48235294222832,0.53725492954254,0.43137255311012),Color3.new(0.48235294222832,0.53725492954254,0.43137255311012),Color3.new(0.48235294222832,0.53725492954254,0.43137255311012),Color3.new(0.35294118523598,0.29803922772408,0.258823543787),Color3.new(0.35686275362968,0.3647058904171,0.41176471114159)},scale=2.2,id="reclaimed_2023_planter",cframe=CFrame.new(-14.416667938232,10.892651557922,-5.8658981323242,0.58681344985962,0.59174406528473,0.55271053314209,-0.38929921388626,0.80470460653305,-0.44821497797966,-0.70999729633331,0.047848790884018,0.70257693529129),no_value=true,was_free=false},["f-1547"]={hash=2,colors={Color3.new(0.48235294222832,0.53725492954254,0.43137255311012),Color3.new(0.48235294222832,0.53725492954254,0.43137255311012),Color3.new(0.48235294222832,0.53725492954254,0.43137255311012),Color3.new(0.48235294222832,0.53725492954254,0.43137255311012),Color3.new(0.35294118523598,0.29803922772408,0.258823543787),Color3.new(0.35686275362968,0.3647058904171,0.41176471114159)},scale=1.93,id="reclaimed_2023_planter",cframe=CFrame.new(4.5030927658081,9.4418535232544,-8.4554557800293,0.64125657081604,0.38360798358917,0.66455614566803,-0.19536834955215,0.91914802789688,-0.34204983711243,-0.74203848838806,0.089508458971977,0.66435462236404),no_value=true,was_free=false},["f-1127"]={hash=2,colors={Color3.new(0.33725491166115,0.258823543787,0.21176470816135)},scale=0.39,id="mudmound_v1",cframe=CFrame.new(50.300048828125,13.35205078125,7.8999018669128,0.8660072684288,0,0.5000314116478,0,1,0,-0.5000314116478,0,0.8660072684288),no_value=true,was_free=false},["f-3306"]={hash=2,colors={Color3.new(0.48235294222832,0.53725492954254,0.43137255311012)},scale=0.65,id="biodome_2022_small_bush",cframe=CFrame.new(35.60009765625,12.53022480011,-3.2001950740814,1,0,0,0,1,0,0,0,1),no_value=true,was_free=false},["f-165"]={hash=2,colors={Color3.new(0.40392157435417,0.40392157435417,0.40392157435417)},scale=0.1,id="sphere_v3_plain",cframe=CFrame.new(20.008750915527,14.565744400024,10.776893615723,0.86627525091171,0.00012802811397705,-0.49956697225571,-3.8744368794141e-05,1,0.00018909342179541,0.49956697225571,-0.00014445155102294,0.86627525091171),no_value=true,was_free=false},["f-3717"]={hash=2,colors={Color3.new(1,0.82745099067688,0)},scale=0.16,id="basicrug",cframe=CFrame.new(44.100063323975,26.331132888794,-70.74609375,0.19569027423859,-0.6834853887558,0.70324468612671,-0.96571636199951,-0.25904512405396,0.01696103811264,0.17057949304581,-0.6824539899826,-0.71074557304382),no_value=true,was_free=false},["f-658"]={hash=2,colors={Color3.new(0.55294120311737,0.40392157435417,0.31764706969261)},scale=0.27,id="beam_v3_wood",cframe=CFrame.new(33.339321136475,17.699674606323,-10.947774887085,-0.86610317230225,0.49986511468887,2.935528755188e-06,2.935528755188e-06,1.1026859283447e-05,-0.99999994039536,-0.49986511468887,-0.86610323190689,-1.0967254638672e-05),no_value=true,was_free=false},["f-7"]={hash=2,colors={Color3.new(0,0,0)},scale=0.05,id="meme_2023_padded_cylinder",cframe=CFrame.new(43.902118682861,18.796998977661,-16.796806335449,0.99904984235764,-0.043554414063692,-0.0015600735787302,0.04354789480567,0.99619734287262,0.075461804866791,-0.0017325533553958,-0.075458034873009,0.99714750051498),no_value=true,was_free=false},["f-1213"]={hash=2,colors={Color3.new(0.48235294222832,0.53725492954254,0.43137255311012),Color3.new(0.48235294222832,0.53725492954254,0.43137255311012),Color3.new(0.48235294222832,0.53725492954254,0.43137255311012),Color3.new(0.48235294222832,0.53725492954254,0.43137255311012),Color3.new(0.48235294222832,0.53725492954254,0.43137255311012)},scale=0.56,id="queenslander_rubber_tree",cframe=CFrame.new(-10.492778778076,26.470632553101,-9.9091463088989,0.86604189872742,0.0084238098934293,0.49990051984787,0.00024752784520388,-0.99986517429352,0.016419876366854,0.49997144937515,-0.014096560887992,-0.86592721939087),no_value=true,was_free=false},["f-4051"]={hash=2,colors={Color3.new(0.48235294222832,0.53725492954254,0.43137255311012),Color3.new(0.48235294222832,0.53725492954254,0.43137255311012),Color3.new(0.48235294222832,0.53725492954254,0.43137255311012),Color3.new(0.48235294222832,0.53725492954254,0.43137255311012),Color3.new(0.35294118523598,0.29803922772408,0.258823543787),Color3.new(0.35686275362968,0.3647058904171,0.41176471114159)},scale=1.13,id="reclaimed_2023_planter",cframe=CFrame.new(30.290328979492,15.176882743835,-47.668174743652,0.89107036590576,-0.11208139359951,0.43980830907822,0.43306231498718,0.49997407197952,-0.74998861551285,-0.13583298027515,0.85875707864761,0.49405032396317),no_value=true,was_free=false},["f-818"]={hash=2,colors={Color3.new(0.48235294222832,0.53725492954254,0.43137255311012),Color3.new(0.48235294222832,0.53725492954254,0.43137255311012),Color3.new(0.48235294222832,0.53725492954254,0.43137255311012),Color3.new(0.48235294222832,0.53725492954254,0.43137255311012),Color3.new(0.48235294222832,0.53725492954254,0.43137255311012)},scale=1.08,id="queenslander_rubber_tree",cframe=CFrame.new(-19.322849273682,28.098686218262,-32.247264862061,0.86589032411575,-0.0071704778820276,0.5001825094223,-0.0071704778820276,-0.99997246265411,-0.0019221639959142,0.5001825094223,-0.0019221639959142,-0.86591792106628),no_value=true,was_free=false},["f-3616"]={hash=2,colors={Color3.new(0.81176471710205,0.7294117808342,0.7843137383461)},scale=0.05,id="sphere_v3_plain",cframe=CFrame.new(25.884338378906,14.41162109375,-27.351156234741,0.58782708644867,-0,-0.80898660421371,0,1,-0,0.80898660421371,0,0.58782708644867),no_value=true,was_free=false},["f-2295"]={hash=2,colors={Color3.new(0.55294120311737,0.40392157435417,0.31764706969261),Color3.new(0.49803921580315,0.36862745881081,0.29411765933037)},scale=0.9,id="reclaimed_2023_pallet",cframe=CFrame.new(20.033269882202,12.488899230957,1.4200979471207,0.50004577636719,-8.6318061221391e-05,0.86599898338318,-8.6318061221391e-05,1,0.00014951638877392,-0.86599898338318,-0.00014951638877392,0.50004577636719),no_value=true,was_free=false},["f-937"]={hash=2,colors={Color3.new(0.35686275362968,0.3647058904171,0.41176471114159)},scale=0.44,id="large_island_rock",cframe=CFrame.new(27.7001953125,14.03662109375,-44.5,0.70720028877258,0,0.70701324939728,0,1,0,-0.70701324939728,0,0.70720028877258),no_value=true,was_free=false},["f-1998"]={hash=2,colors={Color3.new(0.27058824896812,0.24705882370472,0.24705882370472)},scale=0.3,id="wall_double_wood",cframe=CFrame.new(48.212261199951,19.551164627075,-73.297958374023,-0.7074339389801,0.70677947998047,-1.7255544662476e-05,-1.7255544662476e-05,-4.1723251342773e-05,-1,-0.70677947998047,-0.70743399858475,4.1723251342773e-05),no_value=true,was_free=false},["f-3160"]={hash=2,no_value=true,colors={Color3.new(0.63137257099152,0.64705884456635,0.63529413938522),Color3.new(0.10588235408068,0.16470588743687,0.20784313976765),Color3.new(0.79215687513351,0.79607844352722,0.81960785388947)},on=true,scale=0.85,cframe=CFrame.new(47.350799560547,42.058490753174,-55.78003692627,0.73016583919525,0.68325865268707,0.0039429366588593,-0.013593405485153,0.020295679569244,-0.99970161914825,-0.68313479423523,0.72989439964294,0.024107038974762),was_free=false,id="fogmachine"},["f-1950"]={hash=2,colors={Color3.new(0.48235294222832,0.53725492954254,0.43137255311012)},scale=0.13,id="biodome_2022_four_leaf",cframe=CFrame.new(31.989763259888,16.39453125,-5.45458984375,0.27308851480484,-0.63006281852722,0.72694110870361,-0.62995874881744,0.45397257804871,0.63012760877609,-0.7270313501358,-0.63002353906631,-0.2729389667511),no_value=true,was_free=false},["f-395"]={hash=2,colors={Color3.new(0.35686275362968,0.3647058904171,0.41176471114159)},scale=7.85,id="biodome_2022_large_rock",cframe=CFrame.new(49.540420532227,3.7195999622345,34.343845367432,0.00015199184417725,0.86597687005997,-0.50008398294449,-0.99999994039536,0.00021523237228394,6.8724155426025e-05,0.000167116522789,0.50008398294449,0.86597692966461),no_value=true,was_free=false},["f-2343"]={hash=2,colors={Color3.new(0.48235294222832,0.53725492954254,0.43137255311012),Color3.new(0.066666670143604,0.066666670143604,0.066666670143604),Color3.new(0.48235294222832,0.53725492954254,0.43137255311012),Color3.new(0.48235294222832,0.53725492954254,0.43137255311012),Color3.new(0.35294118523598,0.29803922772408,0.258823543787),Color3.new(0.35686275362968,0.3647058904171,0.41176471114159)},scale=1.27,id="reclaimed_2023_planter",cframe=CFrame.new(62.482551574707,11.779964447021,-19.716920852661,0.59834206104279,-0.4173456132412,-0.68396598100662,0.17043718695641,0.90039259195328,-0.40030527114868,0.78290361166,0.12294624745846,0.60987395048141),no_value=true,was_free=false},["f-528"]={hash=2,colors={Color3.new(0.49803921580315,0.258823543787,0.047058824449778),Color3.new(0.27843138575554,0.17647059261799,0.22745098173618)},scale=1,id="scary_2021_squat_potion_mushroom",cframe=CFrame.new(-8.0813522338867,13.281831741333,-17.343860626221,-0.70884943008423,3.2935586204985e-05,0.70535987615585,-3.2935586204985e-05,1,-7.9791832831688e-05,-0.70535987615585,-7.9791832831688e-05,-0.70884943008423),no_value=true,was_free=false},["f-3291"]={hash=2,colors={Color3.new(0.55294120311737,0.40392157435417,0.31764706969261)},scale=0.32,id="beam_v3_wood",cframe=CFrame.new(20.022262573242,13.718319892883,-0.82185399532318,-6.568431854248e-05,0.86604005098343,0.49997454881668,0.99999994039536,0.00012892484664917,-9.1820955276489e-05,-0.00014396011829376,0.49997451901436,-0.86603999137878),no_value=true,was_free=false},["f-2097"]={hash=2,colors={Color3.new(0.48235294222832,0.53725492954254,0.43137255311012),Color3.new(0.48235294222832,0.53725492954254,0.43137255311012),Color3.new(0.48235294222832,0.53725492954254,0.43137255311012),Color3.new(0.48235294222832,0.53725492954254,0.43137255311012),Color3.new(0.35294118523598,0.29803922772408,0.258823543787),Color3.new(0.35686275362968,0.3647058904171,0.41176471114159)},scale=2.2,id="reclaimed_2023_planter",cframe=CFrame.new(2.1972939968109,9.2992744445801,10.207184791565,0.6421377658844,0.31324431300163,0.6996693611145,-0.43839636445045,0.89878177642822,-3.9145350456238e-05,-0.62886238098145,-0.3067073225975,0.71446681022644),no_value=true,was_free=false},["f-3174"]={hash=2,colors={Color3.new(0.48235294222832,0.53725492954254,0.43137255311012),Color3.new(0.48235294222832,0.53725492954254,0.43137255311012),Color3.new(0.48235294222832,0.53725492954254,0.43137255311012),Color3.new(0.48235294222832,0.53725492954254,0.43137255311012)},scale=3.62,id="smallstylishtree",cframe=CFrame.new(-15.471171379089,31.7476978302,1.3514059782028,-0.58465790748596,0.069684535264969,0.80828154087067,-0.81004452705383,-0.10510301589966,-0.57687187194824,0.044753849506378,-0.99201679229736,0.11789691448212),no_value=true,was_free=false},["f-3206"]={hash=2,colors={Color3.new(0.8941176533699,0.85882353782654,0.69411766529083)},scale=0.05,id="torus_v3_plain",cframe=CFrame.new(39.603435516357,19.642053604126,-54.933040618896,0.70766252279282,3.3002648706315e-05,-0.70655059814453,3.3002648706315e-05,1,7.9764125985093e-05,0.70655059814453,-7.9764125985093e-05,0.70766252279282),no_value=true,was_free=false},["f-1883"]={hash=2,colors={Color3.new(0.27058824896812,0.24705882370472,0.24705882370472)},scale=0.28,id="beam_v1_brick",cframe=CFrame.new(39.038749694824,26.358917236328,-48.185840606689,4.9352645874023e-05,-0.70790070295334,-0.7063120007515,1,4.9352645874023e-05,2.0444393157959e-05,2.0444393157959e-05,-0.7063120007515,0.70790064334869),no_value=true,was_free=false},["f-3896"]={hash=2,colors={Color3.new(0.47843137383461,0.48235294222832,0.50588238239288)},scale=0.49,id="large_island_rock",cframe=CFrame.new(10.7001953125,13.449462890625,-10.2001953125,-0.86623060703278,0,-0.49964436888695,0,1,0,0.49964436888695,0,-0.86623060703278),no_value=true,was_free=false},["f-205"]={hash=2,colors={Color3.new(0.48235294222832,0.53725492954254,0.43137255311012),Color3.new(0.48235294222832,0.53725492954254,0.43137255311012),Color3.new(0.48235294222832,0.53725492954254,0.43137255311012),Color3.new(0.48235294222832,0.53725492954254,0.43137255311012),Color3.new(0.35294118523598,0.29803922772408,0.258823543787),Color3.new(0.35686275362968,0.3647058904171,0.41176471114159)},scale=1.27,id="reclaimed_2023_planter",cframe=CFrame.new(24.227899551392,10.447463989258,-16.069822311401,-0.95819449424744,0.14699849486351,-0.24546886980534,0.10391863435507,0.9781419634819,0.18010899424553,0.26657915115356,0.14707064628601,-0.9525260925293),no_value=true,was_free=false},["f-2346"]={hash=2,colors={Color3.new(0.48235294222832,0.53725492954254,0.43137255311012)},scale=3,id="sphere_v3_plain",cframe=CFrame.new(-17.006853103638,1.6130369901657,-43.987689971924,0.86605191230774,-0,-0.49995413422585,0,1,-0,0.49995413422585,0,0.86605191230774),no_value=true,was_free=false},["f-350"]={hash=2,colors={Color3.new(0.34117648005486,0.28627452254295,0.2549019753933)},scale=0.66,id="snowmound_v3",cframe=CFrame.new(8.18359375,12.9130859375,-1.8670270442963,1,0,0,0,1,0,0,0,1),no_value=true,was_free=false},["f-3081"]={hash=2,colors={Color3.new(0,0,0)},scale=0.23,id="ropes_verticalstring_v1",cframe=CFrame.new(-7.2080359458923,16.891311645508,-9.1645002365112,-0.24997973442078,-0.06696829944849,-0.96593236923218,-0.25880351662636,0.96592998504639,9.2759728431702e-06,0.93302237987518,0.24998900294304,-0.25879454612732),no_value=true,was_free=false},["f-801"]={hash=2,colors={Color3.new(0.27058824896812,0.24705882370472,0.24705882370472)},scale=0.23,id="beam_v1_brick",cframe=CFrame.new(31.807012557983,17.985540390015,-31.330770492554,0.83922719955444,-0.53267848491669,0.10932202637196,0.0072231590747833,-0.19010281562805,-0.98173761367798,0.54373294115067,0.82469058036804,-0.15569186210632),no_value=true,was_free=false},["f-3608"]={hash=2,colors={Color3.new(0.48235294222832,0.53725492954254,0.43137255311012),Color3.new(0.48235294222832,0.53725492954254,0.43137255311012),Color3.new(0.48235294222832,0.53725492954254,0.43137255311012),Color3.new(0.48235294222832,0.53725492954254,0.43137255311012),Color3.new(0.48235294222832,0.53725492954254,0.43137255311012)},scale=0.56,id="queenslander_rubber_tree",cframe=CFrame.new(38.817943572998,24.440689086914,-56.175910949707,0.76580554246902,0.043292015790939,-0.64161330461502,-0.00081504881381989,-0.99766528606415,-0.068288967013359,-0.64307171106339,0.052819017320871,-0.76398229598999),no_value=true,was_free=false},["f-3245"]={hash=2,colors={Color3.new(0.55294120311737,0.40392157435417,0.31764706969261)},scale=0.27,id="beam_v3_wood",cframe=CFrame.new(34.038200378418,17.699661254883,-12.160314559937,-0.86610317230225,0.49986511468887,2.935528755188e-06,2.935528755188e-06,1.1026859283447e-05,-0.99999994039536,-0.49986511468887,-0.86610323190689,-1.0967254638672e-05),no_value=true,was_free=false},["f-1318"]={hash=2,colors={Color3.new(0.48235294222832,0.53725492954254,0.43137255311012),Color3.new(0.48235294222832,0.53725492954254,0.43137255311012),Color3.new(0.48235294222832,0.53725492954254,0.43137255311012),Color3.new(0.48235294222832,0.53725492954254,0.43137255311012),Color3.new(0.35294118523598,0.29803922772408,0.258823543787),Color3.new(0.35686275362968,0.3647058904171,0.41176471114159)},scale=1.13,id="reclaimed_2023_planter",cframe=CFrame.new(28.789684295654,11.652857780457,-42.353416442871,0.99159204959869,-0.064716659486294,-0.11205803602934,1.6979873180389e-05,0.86602377891541,-0.5000028014183,0.12940344214439,0.4957968890667,0.85874342918396),no_value=true,was_free=false},["f-120"]={hash=2,colors={Color3.new(0.33725491166115,0.258823543787,0.21176470816135),Color3.new(0.85490196943283,0.52156865596771,0.2549019753933)},scale=0.45,id="round_w_indow_frame_v1_plain",cframe=CFrame.new(39.236534118652,20.33339881897,3.6850049495697,0.75466233491898,0.65611332654953,0.00012692809104919,-0.00010174512863159,-7.6413154602051e-05,1,0.65611338615417,-0.75466239452362,9.1195106506348e-06),no_value=true,was_free=false},["f-2266"]={hash=2,colors={Color3.new(0.35686275362968,0.3647058904171,0.41176471114159)},scale=0.92,id="beam_v1_stone",cframe=CFrame.new(32.90869140625,9.0387544631958,-53.7919921875,0.70713424682617,-0,-0.70707929134369,0,1,-0,0.70707929134369,0,0.70713424682617),no_value=true,was_free=false},["f-1889"]={hash=2,colors={Color3.new(0.48235294222832,0.53725492954254,0.43137255311012)},scale=0.1,id="biodome_2022_four_leaf",cframe=CFrame.new(48.733642578125,14.359619140625,-6.2387690544128,0.84654343128204,-0.092652298510075,-0.524194419384,-0.11737156659365,0.92801284790039,-0.35357615351677,0.51921874284744,0.36084309220314,0.77472841739655),no_value=true,was_free=false},["f-1336"]={hash=2,colors={Color3.new(0.48235294222832,0.53725492954254,0.43137255311012)},scale=0.15,id="biodome_2022_four_leaf",cframe=CFrame.new(-10.423955917358,14.97802734375,-38.091926574707,0.70713424682617,0,0.70707929134369,0,1,0,-0.70707929134369,0,0.70713424682617),no_value=true,was_free=false},["f-3475"]={hash=2,colors={Color3.new(0.27058824896812,0.24705882370472,0.24705882370472)},scale=0.36,id="wall_double_wood",cframe=CFrame.new(37.476764678955,31.889930725098,-58.487228393555,0.00019317865371704,0.70692008733749,0.70729333162308,-0.99999994039536,5.2928924560547e-05,0.00022014975547791,0.0001181960105896,-0.70729339122772,0.70692008733749),no_value=true,was_free=false},["f-3649"]={hash=2,colors={Color3.new(0.47843137383461,0.48235294222832,0.50588238239288)},scale=0.46,id="large_island_rock",cframe=CFrame.new(42.800048828125,13.32177734375,6.7001948356628,-0.70713424682617,0,-0.70707929134369,0,1,0,0.70707929134369,0,-0.70713424682617),no_value=true,was_free=false},["f-3578"]={hash=2,colors={Color3.new(0.42745098471642,0.48235294222832,0.38039216399193),Color3.new(0.42745098471642,0.48235294222832,0.38039216399193),Color3.new(0.42745098471642,0.48235294222832,0.38039216399193),Color3.new(0.42745098471642,0.48235294222832,0.38039216399193),Color3.new(0.42745098471642,0.482352942228