return {house_pos=Vector3.new(-6000,4000,-9000),furniture={["f-1651"]={hash=2,colors={Color3.new(1,0.98431372642517,0.7843137383461)},scale=0.28,id="smallbottle",cframe=CFrame.new(18.856163024902,8.06201171875,-30.760362625122,1,0,0,0,0,-1,0,1,0),no_value=true,was_free=false},["f-1921"]={hash=2,colors={Color3.new(1,0.76470589637756,0.76470589637756)},scale=0.12,id="trim_v3_top_plain",cframe=CFrame.new(20.311367034912,6.8579139709473,-30.289920806885,-6.6876411437988e-05,0.84809970855713,-0.52983665466309,-1,-6.6876411437988e-05,1.9192695617676e-05,-1.9192695617676e-05,0.52983665466309,0.84809970855713),no_value=true,was_free=false},["f-222"]={hash=2,colors={Color3.new(1,1,1)},scale=0.06,id="large_island_rock",cframe=CFrame.new(28.1868724823,0.46972700953484,-18.49267578125,0.49995946884155,-0,-0.86604881286621,0,1,-0,0.86604881286621,0,0.49995946884155),no_value=true,was_free=false},["f-625"]={hash=2,colors={Color3.new(1,1,1)},scale=0.12,id="brick",cframe=CFrame.new(19.80641746521,8.2239007949829,-11.581656455994,0.81647920608521,0.45295789837837,-0.35803753137589,0.024288952350616,-0.64651000499725,-0.76251888275146,-0.57686376571655,0.61388444900513,-0.53886377811432),no_value=true,was_free=false},["f-1879"]={hash=2,colors={Color3.new(0.82745099067688,0.50588238239288,0.48235294222832)},scale=0.07,id="sphere_v3_plain",cframe=CFrame.new(12.827924728394,3.1533200740814,-29.655799865723,0.99999463558197,-0,-0.0032802326604724,0,1,-0,0.0032802326604724,0,0.99999463558197),no_value=true,was_free=false},["f-1983"]={hash=2,colors={Color3.new(1,1,1)},scale=0.06,id="sphere_v3_plain",cframe=CFrame.new(29.618980407715,4.3149409294128,-25.6650390625,1,0,0,0,1,0,0,0,1),no_value=true,was_free=false},["f-807"]={hash=2,colors={Color3.new(0.92549020051956,0.65098041296005,0.42745098471642)},scale=0.2,id="sphere_v3_plain",cframe=CFrame.new(7.699951171875,5.828369140625,-8.5,0.25886434316635,-0,-0.96591371297836,0,1,-0,0.96591371297836,0,0.25886434316635),no_value=true,was_free=false},["f-898"]={hash=2,colors={Color3.new(0.73333334922791,0.52941179275513,0.39215686917305)},scale=0.22,id="medium_disk",cframe=CFrame.new(1.6360000371933,5.9799799919128,-11.814593315125,1,0,0,0,1,0,0,0,1),no_value=true,was_free=false},["f-140"]={hash=2,colors={Color3.new(1,0.89803922176361,0.88627451658249)},scale=0.41,id="woodbowl",cframe=CFrame.new(7.1353001594543,1.5490800142288,-14.918852806091,-0.97814774513245,0.20791295170784,7.668137550354e-05,4.4755637645721e-05,-0.00015842914581299,1.0000001192093,0.20791295170784,0.97814750671387,0.0001453161239624),no_value=true,was_free=false},["f-1027"]={hash=2,colors={Color3.new(1,1,1)},scale=0.39,id="door_cutout_large_plain",cframe=CFrame.new(14.003000259399,1.5546879768372,-2.9089388847351,1,0,0,0,1,0,0,0,1),no_value=true,was_free=false},["f-444"]={hash=2,colors={Color3.new(1,0.89803922176361,0.65882354974747)},scale=0.19,id="meme_2023_padded_arrow_sign",cframe=CFrame.new(0.53756201267242,3.9364120960236,-14.656576156616,0.081965386867523,0.47872203588486,-0.87413203716278,0.93148225545883,0.27511918544769,0.23801308870316,0.35443258285522,-0.83374732732773,-0.42337083816528),no_value=true,was_free=false},["f-1376"]={hash=2,colors={Color3.new(1,0.95686274766922,0.87450981140137)},scale=0.08,id="medium_cylinder",cframe=CFrame.new(20.019277572632,9.0162649154663,-11.098636627197,0.1963432431221,-0.073119774460793,-0.97780507802963,0.35456722974777,-0.92444062232971,0.14032629132271,-0.91418343782425,-0.37424978613853,-0.15558183193207),no_value=true,was_free=false},["f-1675"]={hash=2,was_default=true,colors={Color3.new(0.34509804844856,0.49803921580315,0.81960785388947),Color3.new(0.10588235408068,0.16470588743687,0.20784313976765)},was_free=false,id="normalwindow",cframe=CFrame.new(-0.5,7.5,-25.5,0,1,0,0,0,-1,-1,0,0),no_value=true,scale=1},["f-328"]={hash=2,colors={Color3.new(0.94117647409439,0.76078432798386,0.63921570777893)},scale=0.11,id="sphere_v3_plain",cframe=CFrame.new(20.619142532349,9.9874897003174,-10.749117851257,0.096075654029846,0.12996079027653,0.98685342073441,0.026630822569132,0.99074923992157,-0.13306650519371,-0.99501770734787,0.039065174758434,0.091725945472717),no_value=true,was_free=false},["f-758"]={hash=2,colors={Color3.new(0.8941176533699,0.56078433990479,0.53333336114883)},scale=0.17,id="medium_disk",cframe=CFrame.new(8.736572265625,4.3879241943359,-9.0733480453491,-1,-0,0,0,-0.0003662109375,-0.99999994039536,0,-0.99999994039536,0.00036615133285522),no_value=true,was_free=false},["f-1000"]={hash=2,colors={Color3.new(1,0.86666667461395,0.86666667461395)},scale=0.46,id="medium_wedge",cframe=CFrame.new(19.026000976562,9.251953125,-32.22802734375,1,0,0,0,0,-1,0,1,0),no_value=true,was_free=false},["f-698"]={hash=2,colors={Color3.new(1,1,1)},scale=0.11,id="sphere_v3_plain",cframe=CFrame.new(29.556215286255,1.5246579647064,-18.871337890625,1,0,0,0,1,0,0,0,1),no_value=true,was_free=false},["f-1231"]={hash=2,colors={Color3.new(0.61960786581039,0.61960786581039,0.61960786581039)},scale=0.84,id="ropes_verticalstring_v1",cframe=CFrame.new(14.740999221802,0.67309600114822,-31,0,0,1,0,1,-0,-1,0,0),no_value=true,was_free=false},["f-668"]={hash=2,colors={Color3.new(1,0.89803922176361,0.88627451658249)},scale=0.05,id="medium_block",cframe=CFrame.new(5.256591796875,5.987548828125,-9.0920009613037,1,0,0,0,1,0,0,0,1),no_value=true,was_free=false},["f-433"]={hash=2,colors={Color3.new(1,0.98431372642517,0.7843137383461)},scale=0.42,id="smallbottle",cframe=CFrame.new(8.831787109375,2.1967620849609,-8.688099861145,-1,-0,0,0,-0.0003662109375,-0.99999994039536,0,-0.99999994039536,0.00036615133285522),no_value=true,was_free=false},["f-315"]={hash=2,colors={Color3.new(1,0.89803922176361,0.88627451658249)},scale=0.41,id="woodbowl",cframe=CFrame.new(7.8602161407471,1.5490800142288,-15.90453338623,-0.92723155021667,0.37448853254318,4.6193599700928e-06,-4.6193599700928e-06,-2.3841857910156e-05,1,0.37448853254318,0.92723155021667,2.3722648620605e-05),no_value=true,was_free=false},["f-103"]={hash=2,colors={Color3.new(0.95294117927551,0.92549020051956,0.89803922176361)},scale=0.41,id="trim_v1_top_plain",cframe=CFrame.new(-0.20507800579071,6.0290532112122,-10.551097869873,0,1,-0,-1,0,0,0,0,1),no_value=true,was_free=false},["f-1399"]={hash=2,colors={Color3.new(1,0.76470589637756,0.76470589637756)},scale=0.12,id="trim_v3_top_plain",cframe=CFrame.new(18.675998687744,9.31689453125,-30.52490234375,0,0,-1,-1,0,0,0,1,0),no_value=true,was_free=false},["f-488"]={hash=2,colors={Color3.new(0.88627451658249,0.73333334922791,0.5686274766922)},scale=0.55,id="round_wall_v3_plain",cframe=CFrame.new(-0.19580100476742,5.6569819450378,-14.050000190735,0,1,0,0,0,-1,-1,0,0),no_value=true,was_free=false},["f-1077"]={hash=2,colors={Color3.new(1,1,1)},scale=0.07,id="sphere_v3_plain",cframe=CFrame.new(36.970321655273,3.4958169460297,-14.021344184875,-0.70713424682617,0,0.70707929134369,0,1,0,-0.70707929134369,0,-0.70713424682617),no_value=true,was_free=false},["f-1031"]={hash=2,colors={Color3.new(0.54901963472366,0.40392157435417,0.33333334326744),Color3.new(0.73333334922791,0.52941179275513,0.39215686917305)},scale=0.56,id="rollingpin",cframe=CFrame.new(0.0234379991889,3.1328120231628,-22.72200012207,0,1,0,1,0,0,0,0,-1),no_value=true,was_free=false},["f-888"]={hash=2,colors={Color3.new(0.16078431904316,0.1176470592618,0.086274512112141)},scale=0.05,id="brick",cframe=CFrame.new(39.1875,2.6201169490814,-27.541681289673,-0.028294563293457,-0.99482309818268,-0.097603380680084,0.74281346797943,0.04441374540329,-0.66802358627319,0.66890019178391,-0.091402500867844,0.73771142959595),no_value=true,was_free=false},["f-1044"]={hash=2,colors={Color3.new(1,1,1)},scale=0.13,id="medium_cylinder",cframe=CFrame.new(21.265392303467,6.1474609375,-18.759981155396,-0.70726633071899,0,-0.70694714784622,0,1,0,0.70694714784622,0,-0.70726633071899),no_value=true,was_free=false},["f-159"]={hash=2,colors={Color3.new(0.99607843160629,0.65490198135376,0.63137257099152)},scale=0.15,id="cube_half_plain",cframe=CFrame.new(16.296127319336,0.68237298727036,-7.856427192688,1,0,0,0,1,0,0,0,1),no_value=true,was_free=false},["f-337"]={hash=2,colors={Color3.new(0.73333334922791,0.52941179275513,0.39215686917305),Color3.new(0.58823531866074,0.42745098471642,0.32549020648003)},scale=0.1,id="sofahog_2024_diner_table_round_end",cframe=CFrame.new(1.9752049446106,6.7382807731628,-12.270697593689,-0.54491281509399,0,-0.83849310874939,0,1,0,0.83849310874939,0,-0.54491281509399),no_value=true,was_free=false},["f-1297"]={hash=2,colors={Color3.new(0.98039215803146,0.83137255907059,0.70588237047195)},scale=0.08,id="medium_disk",cframe=CFrame.new(7.6107921600342,7.08642578125,-8.990273475647,-2.2411346435547e-05,-0.25886940956116,-0.96591234207153,1,-2.2411346435547e-05,-1.71959400177e-05,-1.71959400177e-05,-0.96591234207153,0.25886940956116),no_value=true,was_free=false},["f-1360"]={hash=2,colors={Color3.new(0.82745099067688,0.50588238239288,0.48235294222832)},scale=0.07,id="sphere_v3_plain",cframe=CFrame.new(34.674648284912,3.6401369571686,-9.7177734375,1,0,0,0,1,0,0,0,1),no_value=true,was_free=false},["f-1724"]={hash=2,colors={Color3.new(0.68627452850342,0.76078432798386,0.49803921580315)},scale=0.05,id="medium_disk",cframe=CFrame.new(17.042325973511,8.343017578125,-30.362850189209,1,0,0,0,0,-1,0,1,0),no_value=true,was_free=false},["f-667"]={hash=2,colors={Color3.new(0.95294117927551,0.92549020051956,0.89803922176361)},scale=0.41,id="trim_v1_top_plain",cframe=CFrame.new(1.4839919805527,6.0300288200378,-5.7949438095093,0,0,1,-1,0,0,0,-1,0),no_value=true,was_free=false},["f-1674"]={hash=2,colors={Color3.new(0.73333334922791,0.52941179275513,0.39215686917305)},scale=0.34,id="round_wall_v3_plain",cframe=CFrame.new(0.1513669937849,4.6105961799622,-20.677997589111,0,0,1,0,1,-0,-1,0,0),no_value=true,was_free=false},["f-787"]={hash=2,colors={Color3.new(1,0.96078431606293,0.678431391716)},scale=0.07,id="torus_v3_plain",cframe=CFrame.new(1.3266730308533,6.8903241157532,-12.084104537964,0.88303488492966,0.46930649876595,-0.00089454709086567,-0.46929833292961,0.88300454616547,-0.0078725861385465,-0.0029047662392259,0.0073715774342418,0.9999685883522),no_value=true,was_free=false},["f-1859"]={hash=2,colors={Color3.new(1,0.90196079015732,0.90196079015732)},scale=0.17,id="wall_tall_plain",cframe=CFrame.new(0.31802299618721,5.76708984375,-7.57470703125,0,0,-1,0,1,0,1,0,0),no_value=true,was_free=false},["f-1381"]={hash=2,colors={Color3.new(0.12156862765551,0.50196081399918,0.11372549086809),Color3.new(1,1,1)},scale=1.33,id="queenslander_wall_straight",cframe=CFrame.new(23.40869140625,0.68505901098251,-9.7930965423584,1,0,0,0,1,0,0,0,1),no_value=true,was_free=false},["f-165"]={hash=2,id="basicceilinglight",no_value=true,was_default=true,colors={Color3.new(0.63921570777893,0.63529413938522,0.64705884456635)},on=true,cframe=CFrame.new(32,13.000122070312,-25,1,0,0,0,-1,0,0,0,-1),scale=1,was_free=false},["f-72"]={hash=2,colors={Color3.new(0.73725491762161,0.73725491762161,0.73725491762161)},scale=0.35,id="wall_plain",cframe=CFrame.new(11.684011459351,0.79199200868607,-30.600830078125,0,0,1,0,1,-0,-1,0,0),no_value=true,was_free=false},["f-719"]={hash=2,colors={Color3.new(1,0.95686274766922,0.87450981140137)},scale=0.09,id="sphere_v3_plain",cframe=CFrame.new(37.002456665039,4.9256081581116,-14.403861045837,-0.21627366542816,0.22977125644684,0.94891065359116,-0.18728870153427,0.94409918785095,-0.27129265666008,-0.95820099115372,-0.23639360070229,-0.16115033626556),no_value=true,was_free=false},["f-503"]={hash=2,colors={Color3.new(0.43529412150383,0.43529412150383,0.43529412150383),Color3.new(0.678431391716,0.678431391716,0.678431391716)},scale=0.8,id="largepot",cframe=CFrame.new(11.985207557678,4.1308588981628,-29.806337356567,-0.258864402771,0,0.96591371297836,0,1,0,-0.96591371297836,0,-0.258864402771),no_value=true,was_free=false},["f-1652"]={hash=2,colors={Color3.new(1,0.91764706373215,0.63137257099152)},scale=0.09,id="medium_disk",cframe=CFrame.new(21.046506881714,4.4744777679443,-11.370112419128,0.72740280628204,-0.678207218647,-0.10449945926666,0.68193918466568,0.73140889406204,-2.2377818822861e-05,0.076447010040283,-0.07124599814415,0.99452495574951),no_value=true,was_free=false},["f-1172"]={hash=2,colors={Color3.new(0.98039215803146,0.77254903316498,0.77254903316498),Color3.new(1,0.90196079015732,0.90196079015732)},scale=0.13,id="fancyfan",cframe=CFrame.new(0.22070300579071,7.784912109375,-9.8240785598755,0,1,-0,-1,0,0,0,0,1),no_value=true,was_free=false},["f-1934"]={hash=2,colors={Color3.new(0.95294117927551,0.92549020051956,0.89803922176361)},scale=0.41,id="trim_v1_top_plain",cframe=CFrame.new(8.5179767608643,6.0300288200378,-5.7949438095093,0,0,1,-1,0,0,0,-1,0),no_value=true,was_free=false},["f-642"]={hash=2,colors={Color3.new(0.68627452850342,0.76078432798386,0.49803921580315)},scale=0.23,id="medium_disk",cframe=CFrame.new(36.045707702637,3.9416499137878,-30.51416015625,1,0,0,0,1,0,0,0,1),no_value=true,was_free=false},["f-1244"]={hash=2,colors={Color3.new(0.85098040103912,0.49019607901573,0.46274510025978)},scale=0.12,id="cube_half_plain",cframe=CFrame.new(32.396270751953,2.7617189884186,-29.895751953125,1,0,0,0,1,0,0,0,1),no_value=true,was_free=false},["f-686"]={hash=2,colors={Color3.new(1,0.98431372642517,0.95294117927551)},scale=0.06,id="large_island_rock",cframe=CFrame.new(34.772338867188,1.2468199729919,-25.543420791626,-0.50004577636719,0,-0.86599898338318,0,1,0,0.86599898338318,0,-0.50004577636719),no_value=true,was_free=false},["f-636"]={hash=2,colors={Color3.new(1,0.94901961088181,0.80000001192093),Color3.new(0.78823530673981,0.66666668653488,0.54509806632996)},scale=0.69,id="ailments_refresh_2024_litter_box",cframe=CFrame.new(18.799999237061,1.0061039924622,-20.699951171875,-0.258864402771,0,0.96591371297836,0,1,0,-0.96591371297836,0,-0.258864402771),no_value=true,was_free=false},["f-560"]={hash=2,colors={Color3.new(1,0.93725490570068,0.81960785388947)},scale=0.27,id="sphere_v3_plain",cframe=CFrame.new(39.97265625,0.82153302431107,-27.619806289673,1,0,0,0,1,0,0,0,1),no_value=true,was_free=false},["f-643"]={hash=2,colors={Color3.new(0.8941176533699,0.56078433990479,0.53333336114883)},scale=0.12,id="medium_disk",cframe=CFrame.new(8.736572265625,4.1498870849609,-9.1427507400513,-1,-0,0,0,-0.0003662109375,-0.99999994039536,0,-0.99999994039536,0.00036615133285522),no_value=true,was_free=false},["f-1292"]={hash=2,colors={Color3.new(1,1,1),Color3.new(0.97254902124405,0.97254902124405,0.97254902124405)},scale=0.53,id="standingbook",cframe=CFrame.new(21.583002090454,6.0419921875,-11.583868980408,0,0,1,0,1,-0,-1,0,0),no_value=true,was_free=false},["f-1177"]={hash=2,colors={Color3.new(1,0.98431372642517,0.95294117927551)},scale=0.38,id="bevelled_block_half_plain",cframe=CFrame.new(3.9160161018372,1.8205569982529,-19.161001205444,1,0,0,0,1,0,0,0,1),no_value=true,was_free=false},["f-740"]={hash=2,colors={Color3.new(1,0.98431372642517,0.7843137383461)},scale=0.28,id="smallbottle",cframe=CFrame.new(16.178640365601,8.199951171875,-30.723514556885,1,0,0,0,0,-1,0,1,0),no_value=true,was_free=false},["f-1127"]={hash=2,colors={Color3.new(0.85098040103912,0.85098040103912,0.85098040103912)},scale=0.16,id="torus_v3_plain",cframe=CFrame.new(1.8632810115814,8.64306640625,-7.9050149917603,1,0,0,0,1,0,0,0,1),no_value=true,was_free=false},["f-1110"]={hash=2,colors={Color3.new(1,0.87058824300766,0.8941176533699)},scale=0.12,id="brick",cframe=CFrame.new(21.237998962402,7.1984858512878,-10.544074058533,1,0,0,0,1,0,0,0,1),no_value=true,was_free=false},["f-340"]={hash=2,colors={Color3.new(1,0.86666667461395,0.86666667461395)},scale=0.58,id="fancytrashcan",cframe=CFrame.new(3.278265953064,9.346435546875,-22.503526687622,-0.98768627643585,-0.15644957125187,0,0.15644957125187,-0.98768627643585,0,0,0,1),no_value=true,was_free=false},["f-978"]={hash=2,colors={Color3.new(1,0.96078431606293,0.678431391716)},scale=0.07,id="torus_v3_plain",cframe=CFrame.new(1.7401609420776,6.8572359085083,-12.166214942932,0.95761168003082,-0.27455013990402,-0.087190255522728,0.28700321912766,0.93526828289032,0.20712879300117,0.02467904984951,-0.22337281703949,0.97442060709),no_value=true,was_free=false},["f-1437"]={hash=2,colors={Color3.new(1,0.91764706373215,0.63137257099152)},scale=0.06,id="medium_disk",cframe=CFrame.new(23.752712249756,2.0520520210266,-29.378173828125,0.8660717010498,6.0245394706726e-05,0.49991983175278,0.49991983175278,1.1026859283447e-05,-0.86607164144516,-5.7652592658997e-05,0.99999994039536,-2.0623207092285e-05),no_value=true,was_free=false},["f-1739"]={hash=2,colors={Color3.new(1,0.84705883264542,0.84705883264542)},scale=0.05,id="meme_2023_padded_arrow_sign",cframe=CFrame.new(22.775312423706,3.9220070838928,-29.403854370117,0.99251121282578,-5.1219016313553e-05,0.12215361744165,0.12215360999107,-0.00016212463378906,-0.99251115322113,7.0631504058838e-05,1,-0.00015461444854736),no_value=true,was_free=false},["f-919"]={hash=2,colors={Color3.new(0.99607843160629,0.65490198135376,0.63137257099152)},scale=0.12,id="cube_half_plain",cframe=CFrame.new(31.795686721802,2.7617189884186,-29.895751953125,1,0,0,0,1,0,0,0,1),no_value=true,was_free=false},["f-589"]={hash=2,colors={Color3.new(0.77254903316498,0.57647061347961,0.45098039507866)},scale=1.16,id="floor_wood",cframe=CFrame.new(18.2802734375,-0.63085901737213,-17.749612808228,1,0,0,0,1,0,0,0,1),no_value=true,was_free=false},["f-1948"]={hash=2,colors={Color3.new(0.50588238239288,0.33725491166115,0.27843138575554)},scale=0.46,id="smallbottle",cframe=CFrame.new(17.669660568237,3.461669921875,-30.983642578125,1,0,0,0,1,0,0,0,1),no_value=true,was_free=false},["f-578"]={hash=2,colors={Color3.new(1,1,1)},scale=0.23,id="beam_v3_plain",cframe=CFrame.new(17.922435760498,1.1276450157166,-6.8867697715759,0.90293979644775,-0.014242666773498,-0.42953097820282,0.0031013553962111,0.99964064359665,-0.026627209037542,0.42975586652756,0.022710639983416,0.90265947580338),no_value=true,was_free=false},["f-1025"]={hash=2,colors={Color3.new(1,0.95686274766922,0.87450981140137)},scale=0.09,id="sandmound_v3",cframe=CFrame.new(36.884326934814,3.5280759334564,-19.150634765625,1,0,0,0,1,0,0,0,1),no_value=true,was_free=false},["f-505"]={hash=2,colors={Color3.new(0.92549020051956,0.65098041296005,0.42745098471642)},scale=0.09,id="sphere_v3_plain",cframe=CFrame.new(8.0164480209351,6.342041015625,-8.879958152771,0.25886434316635,-0,-0.96591371297836,0,1,-0,0.96591371297836,0,0.25886434316635),no_value=true,was_free=false},["f-1085"]={hash=2,colors={Color3.new(1,0.80392158031464,0.78823530673981)},scale=0.05,id="medium_block",cframe=CFrame.new(5.0290532112122,6.2336430549622,-9.3410005569458,-0.99985432624817,0.017091138288379,0,-0.017091138288379,-0.99985432624817,0,0,0,1),no_value=true,was_free=false},["f-1884"]={hash=2,colors={Color3.new(1,1,1)},scale=0.25,id="wall_plain",cframe=CFrame.new(8.6773738861084,1.5000089406967,-6.3370728492737,0.99999535083771,1.8277205526829e-07,0.0030519405845553,-0.0030519405845553,0.00011974573135376,0.99999535083771,-1.8277205526829e-07,-1,0.00011974573135376),no_value=true,was_free=false},["f-1114"]={hash=2,colors={Color3.new(0.8941176533699,0.56078433990479,0.53333336114883)},scale=0.12,id="medium_disk",cframe=CFrame.new(18.920127868652,8.234130859375,-30.501329421997,1,0,0,0,0,-1,0,1,0),no_value=true,was_free=false},["f-395"]={hash=2,colors={Color3.new(1,0.98431372642517,0.7843137383461)},scale=0.42,id="smallbottle",cframe=CFrame.new(8.53466796875,4.3364100456238,-8.6814546585083,-1,-0,0,0,-0.0003662109375,-0.99999994039536,0,-0.99999994039536,0.00036615133285522),no_value=true,was_free=false},["f-204"]={hash=2,colors={Color3.new(1,0.97254902124405,0.82745099067688)},scale=0.56,id="soccer_2024_shower_gel_bottle",cframe=CFrame.new(21.9189453125,5.1188960075378,-15.850999832153,1,0,0,0,1,0,0,0,1),no_value=true,was_free=false},["f-48"]={hash=2,colors={Color3.new(1,1,1)},scale=0.13,id="medium_cylinder",cframe=CFrame.new(29.561098098755,1.3190920352936,-19.313232421875,1,0,0,0,1,0,0,0,1),no_value=true,was_free=false},["f-1951"]={hash=2,colors={Color3.new(1,0.95686274766922,0.87450981140137)},scale=0.13,id="brick",cframe=CFrame.new(0.62814301252365,9.641077041626,-6.9521369934082,0.86604875326157,0.20081447064877,0.45785707235336,0.010681584477425,-0.92301118373871,0.38462489843369,0.4998454451561,-0.32821327447891,-0.80151772499084),no_value=true,was_free=false},["f-92"]={hash=2,colors={Color3.new(1,0.70588237047195,0.68235296010971)},scale=0.41,id="woodbowl",cframe=CFrame.new(7.113263130188,1.5490800142288,-15.024228096008,-0.97814774513245,0.20791295170784,7.668137550354e-05,4.4755637645721e-05,-0.00015842914581299,1.0000001192093,0.20791295170784,0.97814750671387,0.0001453161239624),no_value=true,was_free=false},["f-610"]={hash=2,colors={Color3.new(1,1,1)},scale=0.2,id="wall_plain",cframe=CFrame.new(8.7978515625,8.0938549041748,-5.8119611740112,1,0,-0,0,0,1,0,-1,0),no_value=true,was_free=false},["f-465"]={hash=2,colors={Color3.new(1,1,1)},scale=0.23,id="medium_block",cframe=CFrame.new(-0.94189500808716,9.6061305999756,-15.726563453674,0,1,0,0,0,-1,-1,0,0),no_value=true,was_free=false},["f-1883"]={hash=2,colors={Color3.new(1,1,1),Color3.new(1,0.95686274766922,0.84705883264542)},scale=0.79,id="poshrug",cframe=CFrame.new(-0.52172899246216,10.328857421875,-18.934078216553,0,1,0,0,0,-1,-1,0,0),no_value=true,was_free=false},["f-219"]={hash=2,colors={Color3.new(0.88627451658249,0.98039215803146,1)},scale=0.08,id="meme_2023_padded_arrow_sign",cframe=CFrame.new(22.426431655884,4.3023290634155,-29.418449401855,-0.99618530273438,6.8273395299911e-05,-0.08726329356432,-0.0872633010149,-0.00016427040100098,0.99618530273438,5.3681433200836e-05,1,0.00016957521438599),no_value=true,was_free=false},["f-1072"]={hash=2,colors={Color3.new(1,0.80784314870834,0.80784314870834)},scale=0.79,id="medium_block",cframe=CFrame.new(19.212001800537,8.2270498275757,-35.239551544189,1,0,0,0,0,-1,0,1,0),no_value=true,was_free=false},["f-1030"]={hash=2,colors={Color3.new(0.98039215803146,0.77254903316498,0.77254903316498),Color3.new(1,0.90196079015732,0.90196079015732)},scale=0.13,id="fancyfan",cframe=CFrame.new(0.22070300579071,8.7197952270508,-9.82421875,0,1,-0,-1,0,0,0,0,1),no_value=true,was_free=false},["f-1620"]={hash=2,colors={Color3.new(1,1,1)},scale=0.06,id="large_island_rock",cframe=CFrame.new(28.23219871521,0.46972700953484,-19.542724609375,0.70713424682617,0,0.70707929134369,0,1,0,-0.70707929134369,0,0.70713424682617),no_value=true,was_free=false},["f-1950"]={hash=2,colors={Color3.new(1,0.89803922176361,0.88627451658249)},scale=0.05,id="medium_block",cframe=CFrame.new(5.0285639762878,5.987548828125,-9.0920009613037,1,0,0,0,1,0,0,0,1),no_value=true,was_free=false},["f-1129"]={hash=2,colors={Color3.new(0.61960786581039,0.61960786581039,0.61960786581039)},scale=0.84,id="ropes_verticalstring_v1",cframe=CFrame.new(14.740999221802,1.7210140228271,-30.999998092651,0,0,1,0,1,-0,-1,0,0),no_value=true,was_free=false},["f-1973"]={hash=2,colors={Color3.new(1,0.79215687513351,0.839215695858),Color3.new(1,0.79215687513351,0.839215695858)},scale=0.14,id="cat_ear_rug",cframe=CFrame.new(6.0934500694275,7.6609101295471,-13.685483932495,0.92725348472595,-0.29993125796318,-0.22414779663086,-0.22774933278561,0.023381471633911,-0.97343903779984,0.29720568656921,0.95367425680161,-0.046628594398499),no_value=true,was_free=false},["f-182"]={hash=2,colors={Color3.new(1,0.89803922176361,0.88627451658249)},scale=0.05,id="medium_block",cframe=CFrame.new(4.888916015625,5.987548828125,-8.8420009613037,1,0,0,0,1,0,0,0,1),no_value=true,was_free=false},["f-1318"]={hash=2,colors={Color3.new(1,1,1),Color3.new(1,1,1)},scale=0.13,id="nye_2024_starlight_curtains",cframe=CFrame.new(11.796860694885,1.2702640295029,-7.4313950538635,0,0,1,0,1,-0,-1,0,0),no_value=true,was_free=false},["f-486"]={hash=2,colors={Color3.new(0.85882353782654,0.94901961088181,1)},scale=0.5,id="choppingboard",cframe=CFrame.new(40.117969512939,2.235228061676,-13.9496717453,0,-1,0,0,0,1,-1,0,0),no_value=true,was_free=false},["f-617"]={hash=2,colors={Color3.new(1,0.98431372642517,0.95294117927551)},scale=0.25,id="cone_v3_plain",cframe=CFrame.new(2.8087470531464,4.3313980102539,-20.829504013062,-0.07136344909668,-0.97584915161133,-0.20646005868912,0.010716706514359,-0.2077260017395,0.97812843322754,-0.99739283323288,0.067590028047562,0.02528190612793),no_value=true,was_free=false},["f-1969"]={hash=2,colors={Color3.new(1,0.98431372642517,0.7843137383461)},scale=1.12,id="smallbottle",cframe=CFrame.new(35.525199890137,2.4086909294128,-29.72021484375,1,0,0,0,1,0,0,0,1),no_value=true,was_free=false},["f-243"]={hash=2,colors={Color3.new(0.8941176533699,0.56078433990479,0.53333336114883)},scale=0.12,id="medium_disk",cframe=CFrame.new(20.120410919189,8.2741756439209,-29.808446884155,0.58775496482849,0.80903899669647,-1.2218952178955e-05,1.2218952178955e-05,-2.3961067199707e-05,-0.99999994039536,-0.80903899669647,0.58775490522385,-2.3961067199707e-05),no_value=true,was_free=false},["f-1020"]={hash=2,colors={Color3.new(0.82745099067688,0.50588238239288,0.48235294222832)},scale=0.07,id="sphere_v3_plain",cframe=CFrame.new(33.982650756836,3.6401369571686,-9.0516624450684,1,0,0,0,1,0,0,0,1),no_value=true,was_free=false},["f-1124"]={hash=2,colors={Color3.new(1,0.91764706373215,0.63137257099152)},scale=0.22,id="medium_disk",cframe=CFrame.new(5.9410028457642,4.595477104187,-11.855085372925,0.40358316898346,-0.13714127242565,-0.90460646152496,-0.47800493240356,0.81143736839294,-0.33627477288246,0.78014862537384,0.56812125444412,0.26192826032639),no_value=true,was_free=false},["f-286"]={hash=2,colors={Color3.new(0.73725491762161,0.73725491762161,0.73725491762161)},scale=0.28,id="fancytrashcan",cframe=CFrame.new(37.913566589355,4.8354330062866,-14.367239952087,-0.014997601509094,-0.91312062740326,0.40741339325905,-0.048564940690994,0.40764355659485,0.9118487238884,-0.9987074136734,-0.0061104297637939,-0.050459384918213),no_value=true,was_free=false},["f-618"]={hash=2,colors={Color3.new(0.73333334922791,0.52941179275513,0.39215686917305)},scale=0.72,id="wall_tall_plain",cframe=CFrame.new(23.72998046875,-3.717041015625,-16.631477355957,0,0,1,0,1,-0,-1,0,0),no_value=true,was_free=false},["f-1621"]={hash=2,colors={Color3.new(1,0.93725490570068,0.81960785388947)},scale=0.27,id="sphere_v3_plain",cframe=CFrame.new(39.97265625,0.92260700464249,-27.619806289673,1,0,0,0,1,0,0,0,1),no_value=true,was_free=false},["f-1339"]={hash=2,colors={Color3.new(1,1,1)},scale=0.31,id="wall_plain",cframe=CFrame.new(7.9507842063904,7.3985509872437,-4.6978249549866,-0.017794132232666,9.7870826721191e-05,0.99984169006348,-0.99984169006348,-9.9658966064453e-05,-0.017794013023376,9.7870826721191e-05,-1,9.9599361419678e-05),no_value=true,was_free=false},["f-1933"]={hash=2,colors={Color3.new(1,1,1)},scale=0.1,id="medium_block",cframe=CFrame.new(5.47900390625,6.5120859146118,-7.3003611564636,0.99985247850418,-0,-0.017177447676659,0,1,-0,0.017177447676659,0,0.99985247850418),no_value=true,was_free=false},["f-172"]={hash=2,colors={Color3.new(0.68627452850342,0.76078432798386,0.49803921580315)},scale=0.05,id="medium_disk",cframe=CFrame.new(20.125732421875,8.3830575942993,-29.619295120239,0.58775496482849,0.80903899669647,-1.2218952178955e-05,1.2218952178955e-05,-2.3961067199707e-05,-0.99999994039536,-0.80903899669647,0.58775490522385,-2.3961067199707e-05),no_value=true,was_free=false},["f-170"]={hash=2,colors={Color3.new(0.85098040103912,0.92156863212585,0.67058825492859)},scale=0.06,id="medium_disk",cframe=CFrame.new(21.725500106812,6.8124132156372,-29.451904296875,0.9659389257431,1.6689300537109e-06,0.25877019762993,0.25877019762993,-1.2636184692383e-05,-0.96593886613846,1.6689300537109e-06,0.99999994039536,-1.2636184692383e-05),no_value=true,was_free=false},["f-960"]={outfit_name="Outfit",outfit_version="0b5d23c0-591d-4822-9bf8-7bdad87dd20e",scale=0.05,no_value=true,id="mannequins_2024_mannequin",hash=8,colors={Color3.new(0.61568629741669,0.85882353782654,0.89803922176361),Color3.new(0.20784313976765,0.20784313976765,0.21176470816135),Color3.new(0.40392157435417,0.28627452254295,0.22745098173618),Color3.new(0.4745098054409,0.73725491762161,0.72156864404678),Color3.new(0.53333336114883,0.52941179275513,0.54117649793625)},cframe=CFrame.new(6.6177568435669,0.033730998635292,-20.733539581299,0.78864806890488,0.15278175473213,-0.59556019306183,-0.014293186366558,0.97292882204056,0.23066261410713,0.6146787405014,-0.17339918017387,0.76948213577271),price=1,for_sale=true,outfit={assets={right_shoes={},shoes_packages={},wings={},neck={},hats={1.2679505823534e+14},packages={{asset_id=23304137508,properties={bundle_id=173665},category="packages"}},skin_tone={},shorts={},heads={134082579},shirts_accessory={},dynamic_heads_packages={},pants={},dresses_skirts_accessory={},particles={},shoulder_pets={},t_shirts={},eyebrows={},sweaters={},left_shoes={},eyelashes={},animations={},tails={},pants_accessory={},skirts={},front={},jackets={},shirts={},glasses={},tshirts_accessory={},faces={},hair={}},base_avatar={WalkAnimation=973767371,RightLegColor="d7c59a",MoodAnimation=14618207727,LeftLegColor="d7c59a",JumpAnimation=973770652,RunAnimation=973766674,LeftArmColor="d7c59a",RightArmColor="d7c59a",RightArm=0,Head=15107017634,Torso=0,RightLeg=0,HeadColor="111111",TorsoColor="d7c59a",IdleAnimation=973771666,LeftArm=0,FallAnimation=973768058,ClimbAnimation=973773170,SwimAnimation=973772659,LeftLeg=0}},was_free=false},["f-602"]={hash=2,colors={Color3.new(1,0.90196079015732,0.90196079015732)},scale=0.17,id="wall_tall_plain",cframe=CFrame.new(0.31835898756981,5.76708984375,-8.9357070922852,0,0,-1,0,1,0,1,0,0),no_value=true,was_free=false},["f-548"]={hash=2,colors={Color3.new(0.66274511814117,0.66274511814117,0.66274511814117),Color3.new(0.97254902124405,0.97254902124405,0.97254902124405)},scale=0.58,id="coffeecuprack",cframe=CFrame.new(17.10000038147,5.5,-32.122314453125,1,0,0,0,0,-1,0,1,0),no_value=true,was_free=false},["f-699"]={hash=2,colors={Color3.new(0.68627452850342,0.76078432798386,0.49803921580315)},scale=0.05,id="medium_disk",cframe=CFrame.new(16.029226303101,8.343017578125,-30.34485244751,1,0,0,0,0,-1,0,1,0),no_value=true,was_free=false},["f-958"]={hash=2,colors={Color3.new(0.68627452850342,0.76078432798386,0.49803921580315)},scale=0.05,id="medium_disk",cframe=CFrame.new(20.299858093262,8.3830614089966,-29.835300445557,0.58775496482849,0.80903899669647,-1.2218952178955e-05,1.2218952178955e-05,-2.3961067199707e-05,-0.99999994039536,-0.80903899669647,0.58775490522385,-2.3961067199707e-05),no_value=true,was_free=false},["f-1706"]={hash=2,colors={Color3.new(0.73333334922791,0.52941179275513,0.39215686917305),Color3.new(0.73333334922791,0.52941179275513,0.39215686917305)},scale=1.63,id="furniture_2025_wardrobe_slim_shelf",cframe=CFrame.new(21.5888671875,0.54003900289536,-11.541073799133,-1,0,0,0,1,0,0,0,-1),no_value=true,was_free=false},["f-868"]={hash=2,colors={Color3.new(1,0.86666667461395,0.90196079015732)},scale=0.77,id="medium_disk",cframe=CFrame.new(-0.76147502660751,12.211254119873,-10.609375,0,1,-0,-1,0,0,0,0,1),no_value=true,was_free=false},["f-1122"]={hash=2,colors={Color3.new(0.27843138575554,0.21176470816135,0.16470588743687)},scale=0.05,id="sphere_v3_plain",cframe=CFrame.new(3.1865229606628,4.3278589248657,-20.562013626099,-0.10454332828522,0,0.99452042579651,0,1,0,-0.99452042579651,0,-0.10454332828522),no_value=true,was_free=false},["f-443"]={hash=2,colors={Color3.new(1,0.89803922176361,0.65882354974747)},scale=0.31,id="meme_2023_padded_arrow_sign",cframe=CFrame.new(40.281791687012,0.34497100114822,-25.386054992676,0.61563467979431,0,0.7880317568779,0,1,0,-0.7880317568779,0,0.61563467979431),no_value=true,was_free=false},["f-1768"]={hash=2,no_value=true,colors={Color3.new(1,1,1),Color3.new(0.70588237047195,0.70588237047195,0.70588237047195),Color3.new(0.88627451658249,0.73333334922791,0.5686274766922)},on=true,scale=1.64,cframe=CFrame.new(14.10000038147,9.757080078125,-0.9916769862175,1,0,-0,0,0,1,0,-1,0),was_free=false,id="expandable_houses_2023_luxury_wall_light"},["f-129"]={hash=2,colors={Color3.new(1,1,1)},scale=0.1,id="sphere_v3_plain",cframe=CFrame.new(20.34228515625,5.1030268669128,-19.036151885986,1,0,0,0,1,0,0,0,1),no_value=true,was_free=false},["f-425"]={hash=2,colors={Color3.new(1,0.89803922176361,0.65882354974747)},scale=0.31,id="meme_2023_padded_arrow_sign",cframe=CFrame.new(39.858234405518,0.34497100114822,-25.898830413818,-0.93970096111298,0,-0.34199836850166,0,1,0,0.34199836850166,0,-0.93970096111298),no_value=true,was_free=false},["f-1976"]={hash=2,colors={Color3.new(1,0.96078431606293,0.678431391716)},scale=0.25,id="fancytrashcan",cframe=CFrame.new(1.3535859584808,11.096622467041,-6.8887982368469,0.85722351074219,0.20679035782814,0.47159892320633,0.010892860591412,-0.9229017496109,0.38488125801086,0.5148292183876,-0.32479220628738,-0.79338562488556),no_value=true,was_free=false},["f-1905"]={hash=2,colors={Color3.new(0.73333334922791,0.78039216995239,0.5686274766922),Color3.new(0.33725491166115,0.258823543787,0.21176470816135),Color3.new(0.42352941632271,0.34509804844856,0.29411765933037),Color3.new(0.48627451062202,0.36078432202339,0.27450981736183)},scale=0.73,id="tinystylishtree",cframe=CFrame.new(10.778000831604,13.211181640625,-22.468994140625,1,0,0,0,-1,0,0,0,-1),no_value=true,was_free=false},["f-1599"]={hash=2,colors={Color3.new(0.98039215803146,0.83137255907059,0.70588237047195)},scale=0.08,id="medium_disk",cframe=CFrame.new(7.5942530632019,7.08642578125,-8.9859676361084,-2.2411346435547e-05,-0.25886940956116,-0.96591234207153,1,-2.2411346435547e-05,-1.71959400177e-05,-1.71959400177e-05,-0.96591234207153,0.25886940956116),no_value=true,was_free=false},["f-332"]={hash=2,colors={Color3.new(1,1,1)},scale=0.09,id="sphere_v3_plain",cframe=CFrame.new(6.4003911018372,3.8642580509186,-19.60000038147,1,0,0,0,1,0,0,0,1),no_value=true,was_free=false},["f-876"]={hash=2,colors={Color3.new(1,1,1)},scale=0.06,id="sphere_v3_plain",cframe=CFrame.new(23.000322341919,2.7210960388184,-29.565422058105,1,0,0,0,0,-1,0,1,0),no_value=true,was_free=false},["f-160"]={hash=2,colors={Color3.new(1,1,1)},scale=0.09,id="large_cylinder",cframe=CFrame.new(0.04296899959445,8.189208984375,-7.9859609603882,0,1,-0,-1,0,0,0,0,1),no_value=true,was_free=false},["f-1055"]={hash=2,colors={Color3.new(1,1,1)},scale=0.11,id="sphere_v3_plain",cframe=CFrame.new(28.231508255005,0.95800799131393,-19.04443359375,1,0,0,0,1,0,0,0,1),no_value=true,was_free=false},["f-594"]={hash=2,colors={Color3.new(0.91372549533844,0.91372549533844,0.91372549533844),Color3.new(1,1,1)},scale=0.49,id="fancyfan",cframe=CFrame.new(12.224517822266,7.5324668884277,-21.05189704895,-0.014963030815125,-0.54435259103775,0.83872306346893,0.99982160329819,0.0015264749526978,0.018827825784683,-0.011529296636581,0.83885514736176,0.54423260688782),no_value=true,was_free=false},["f-348"]={hash=2,colors={Color3.new(1,1,1)},scale=0.06,id="medium_disk",cframe=CFrame.new(19.382181167603,5.1861519813538,-31.895757675171,0.5,-4.7087669372559e-05,0.86602532863617,0.86602538824081,-4.0531158447266e-05,-0.5,5.8621168136597e-05,1,2.056360244751e-05),no_value=true,was_free=false},["f-1785"]={hash=2,colors={Color3.new(1,1,1)},scale=0.09,id="sphere_v3_plain",cframe=CFrame.new(7.6484379768372,3.7302579879761,-21.246999740601,1,0,0,0,1,0,0,0,1),no_value=true,was_free=false},["f-1586"]={hash=2,colors={Color3.new(1,0.80392158031464,0.78823530673981)},scale=0.05,id="medium_block",cframe=CFrame.new(4.77783203125,6.22900390625,-9.3410005569458,-0.99985241889954,0.017177447676659,0,-0.017177447676659,-0.99985241889954,0,0,0,1),no_value=true,was_free=false},["f-1423"]={hash=2,colors={Color3.new(0.99607843160629,0.65490198135376,0.63137257099152)},scale=0.12,id="cube_half_plain",cframe=CFrame.new(32.995880126953,2.7617189884186,-28.695556640625,1,0,0,0,1,0,0,0,1),no_value=true,was_free=false},["f-946"]={hash=2,colors={Color3.new(0.24313725531101,0.11372549086809,0.019607843831182)},scale=0.07,id="brick",cframe=CFrame.new(2.9210660457611,4.3763718605042,-18.198225021362,-0.10448408126831,-0.92936015129089,0.3540803194046,0.71324968338013,-0.31813752651215,-0.62455070018768,0.6930787563324,0.18729205429554,0.69610601663589),no_value=true,was_free=false},["f-411"]={hash=2,colors={Color3.new(0.90588235855103,0.9450980424881,1)},scale=0.52,id="ice_cream_2025_cups",cframe=CFrame.new(18.479000091553,10.296142578125,-30.39990234375,-1,0,0,0,1,0,0,0,-1),no_value=true,was_free=false},["f-124"]={hash=2,colors={Color3.new(1,0.95686274766922,0.95294117927551)},scale=0.09,id="round_wall_v3_plain",cframe=CFrame.new(8.251220703125,5.3923177719116,-9.1980781555176,-0.99984133243561,-0.0019532456062734,0.017698880285025,0.0020174030214548,-0.99999129772186,0.0036078079137951,0.017691683024168,0.0036429415922612,0.99983686208725),no_value=true,was_free=false},["f-1702"]={hash=2,colors={Color3.new(1,0.98431372642517,0.7843137383461)},scale=0.42,id="smallbottle",cframe=CFrame.new(8.7373046875,4.3364100456238,-8.6821804046631,-1,-0,0,0,-0.0003662109375,-0.99999994039536,0,-0.99999994039536,0.00036615133285522),no_value=true,was_free=false},["f-903"]={hash=2,colors={Color3.new(1,0.81176471710205,0.80000001192093)},scale=0.05,id="sphere_v3_plain",cframe=CFrame.new(3.1005909442902,4.1899409294128,-21.329051971436,-0.10454332828522,0,0.99452042579651,0,1,0,-0.99452042579651,0,-0.10454332828522),no_value=true,was_free=false},["f-1843"]={hash=2,colors={Color3.new(1,1,1)},scale=0.14,id="sphere_v3_plain",cframe=CFrame.new(32.486663818359,0.43237298727036,-19.16845703125,1,0,0,0,1,0,0,0,1),no_value=true,was_free=false},["f-676"]={hash=2,colors={Color3.new(0.68627452850342,0.76078432798386,0.49803921580315)},scale=0.09,id="medium_disk",cframe=CFrame.new(8.736572265625,2.6967620849609,-9.2429666519165,-1,-0,0,0,-0.0003662109375,-0.99999994039536,0,-0.99999994039536,0.00036615133285522),no_value=true,was_free=false},["f-1839"]={hash=2,colors={Color3.new(0.74901962280273,0.6745098233223,0.6745098233223)},scale=0.83,id="plate",cframe=CFrame.new(12.253129005432,6.1517081260681,-29.818115234375,-0.98481261730194,0.17362114787102,0,-0.17362114787102,-0.98481261730194,0,0,0,1),no_value=true,was_free=false},["f-528"]={hash=2,colors={Color3.new(0.88627451658249,0.73333334922791,0.5686274766922)},scale=0.55,id="round_wall_v3_plain",cframe=CFrame.new(-0.19580100476742,1.5269370079041,-14.0498046875,0,1,0,0,0,-1,-1,0,0),no_value=true,was_free=false},["f-1801"]={hash=2,colors={Color3.new(0.98039215803146,0.77254903316498,0.77254903316498),Color3.new(1,0.90196079015732,0.90196079015732)},scale=0.13,id="fancyfan",cframe=CFrame.new(0.22070300579071,6.7899122238159,-9.82421875,0,1,-0,-1,0,0,0,0,1),no_value=true,was_free=false},["f-1961"]={hash=2,colors={Color3.new(0.16078431904316,0.1176470592618,0.086274512112141)},scale=0.05,id="brick",cframe=CFrame.new(2.4230360984802,5.2492561340332,-21.749948501587,-0.43081676959991,-0.90224182605743,-0.018883138895035,0.68221974372864,-0.31191730499268,-0.66127437353134,0.5907393693924,-0.29777055978775,0.7499064207077),no_value=true,was_free=false},["f-1844"]={hash=2,colors={Color3.new(0.97254902124405,0.80392158031464,0.68627452850342)},scale=0.05,id="sandmound_v3",cframe=CFrame.new(17.833999633789,4.0942378044128,-30.9619140625,1,0,0,0,1,0,0,0,1),no_value=true,was_free=false},["f-1280"]={hash=2,colors={Color3.new(0.77254903316498,0.57647061347961,0.45098039507866)},scale=0.85,id="floor_wood",cframe=CFrame.new(0.34978899359703,0.074951000511646,-10.25,1,0,0,0,1,0,0,0,1),no_value=true,was_free=false},["f-1208"]={hash=2,colors={Color3.new(0.85490196943283,0.85098040103912,0.85098040103912)},scale=0.34,id="door_cutout_large_plain",cframe=CFrame.new(14.003000259399,6.473237991333,-2.6237790584564,-1,0,0,0,-1,0,0,0,1),no_value=true,was_free=false},["f-58"]={hash=2,colors={Color3.new(0.73333334922791,0.52941179275513,0.39215686917305)},scale=0.34,id="round_wall_v3_plain",cframe=CFrame.new(9.3048324584961,3.0493869781494,-18.7820777